0.311906
0.19949
0.828377
0.536441
0.969967
0.243104
0.854833
0.175489
0.435478
0.0766514
0.280792
0.268552
0.550784
0.0349681
0.708349
0.215563
0.966297
0.553275
0.889663
0.566324
0.207367
0.217361
0.191602
0.254941
0.79869
0.57876
0.22121
0.872654
0.699664
0.250787
0.969992
0.653104
0.72494
0.0715023
0.739939
0.153918
0.895686
0.794861
0.236707
0.335781
0.465088
0.738896
0.63178
0.334862
0.0188172
0.260999
0.611395
0.720145
0.476483
0.250637
0.462987
0.416504
0.183292
0.592044
0.476313
0.39568
0.187863
0.417836
0.577618
0.0298097
0.0116101
0.131265
0.164391
0.919841
0.760187
0.457468
0.671493
0.775552
0.707908
0.810378
0.0157605
0.887099
0.473239
0.73056
0.52861
0.354213
0.258337
0.864481
0.335637
0.0490724
0.760621
0.757608
0.121837
0.707094
0.122261
0.844281
0.824318
0.317408
0.684275
0.604661
0.543614
0.519017
0.11238
0.762652
0.886597
0.0306998
0.972357
0.399399
0.697403
0.256323
0.0214135
0.896788
0.313045
0.348753
0.48997
0.925786
0.684053
0.874449
0.871491
0.154747
0.827852
0.709189
0.34025
0.578675
0.792138
0.467153
0.434647
0.112648
0.270742
0.362558
0.519153
0.410796
0.254122
0.0351976
0.566843
0.923571
0.457403
0.572115
0.530914
0.072694
0.767696
0.669154
0.471236
0.0689549
0.924917
0.0831861
0.108427
0.33801
0.92728
0.802503
0.670135
0.951285
0.24175
0.0967058
0.335178
0.342384
0.448334
0.152
0.66773
0.546276
0.25981
0.634337
0.3067
0.71221
0.112099
0.0409405
0.0867076
0.294977
0.678566
0.66293
0.868618
0.863004
0.506809
0.940775
0.611381
0.477387
0.43737
0.884754
0.0531946
0.042334
0.507251
0.362138
0.450525
0.979763
0.883617
0.950397
0.320589
0.146704
0.653886
0.858269
0.923794
0.208245
0.977847
0.670813
0.358969
0.195597
0.391916
0.932869
0.736567
0.482489
0.196416
0.163579
0.270238
0.886162
0.728478
0.532961
0.476842
0.282115
0.506335
0.969712
0.95261
0.523995
0.781808
0.846656
0.74943
0.665255
0.939497
0.12435
0.952324
0.715865
0.541662
0.716966
0.0408825
0.112951
0.363376
0.264379
0.413516
0.968939
0.961041
0.21566
0.592703
0.552567
0.987274
0.108889
0.0997409
0.344831
0.580342
0.810618
0.0640831
0.0441585
0.171435
0.30835
0.439205
0.715647
0.885832
0.179982
0.949595
0.839277
0.729738
0.706139
0.0735241
0.71899
0.0618358
0.274187
0.252772
0.335095
0.947694
0.888336
0.261164
0.379621
0.2935
0.85697
0.0955494
0.898696
0.375504
0.0992703
0.436723
0.0115396
0.946438
0.790182
0.585719
0.175365
0.358164
0.659234
0.738148
0.0572861
0.806794
0.792937
0.89109
0.548088
0.717778
0.69137
0.850745
0.475768
0.230375
0.914925
0.13712
0.581125
0.973421
0.287685
0.122108
0.271761
0.484893
0.603608
0.844562
0.546491
0.878027
0.000711537
0.95881
0.71335
0.266394
0.281331
0.330274
0.921097
0.879245
0.470346
0.0975644
0.765391
0.926936
0.00776542
0.51334
0.703468
0.180273
0.840919
0.326111
0.944003
0.865588
0.941562
0.831261
0.00607752
0.144935
0.920492
0.7012
0.0760833
0.732551
0.983177
0.257259
0.74617
0.883801
0.03761
0.111114
0.488913
0.160875
0.82104
0.221311
0.568691
0.990657
0.968949
0.122781
0.575589
0.932291
0.016193
0.155002
0.119434
0.32378
0.76307
0.919865
0.174006
0.518016
0.302904
0.901278
0.775586
0.277355
0.499843
0.859003
0.270698
0.617433
0.200958
0.494886
0.551012
0.864825
0.11959
0.946795
0.784304
0.799204
0.22437
0.990402
0.693161
0.951447
0.964309
0.147067
0.75861
0.963776
0.187213
0.484148
0.078373
0.215333
0.100509
0.252048
0.174397
0.0855612
0.0270507
0.64103
0.785691
0.101233
0.414805
0.630968
0.671046
0.272169
0.352744
0.564224
0.916131
0.420808
0.513572
0.598612
0.879742
0.831749
0.203518
0.534227
0.757828
0.811829
0.406523
0.43078
0.12578
0.986948
0.632497
0.374017
0.0990999
0.571631
0.394981
0.438879
0.232587
0.0899124
0.158516
0.170971
0.505953
0.551307
0.812554
0.599263
0.808618
0.435254
0.320722
0.375497
0.985193
0.141924
0.308363
0.662115
0.174929
0.0366189
0.453039
0.226051
0.234822
0.654497
0.131005
0.793755
0.642052
0.968007
0.291296
0.80776
0.0179474
0.641983
0.809242
0.937921
0.639361
0.738065
0.657579
0.931074
0.559089
0.608246
0.791513
0.962099
0.996983
0.290457
0.710066
0.0794006
0.485876
0.116058
0.5838
0.924314
0.941565
0.891031
0.560166
0.70278
0.631549
0.444593
0.267389
0.0122849
0.47302
0.04391
0.995817
0.689166
0.820443
0.193462
0.516121
0.447382
0.141417
0.789157
0.359739
0.135982
0.443117
0.463168
0.458794
0.946913
0.759703
0.331545
0.274508
0.65965
0.742185
0.906953
0.166576
0.638199
0.209333
0.25479
0.262077
0.734707
0.224628
0.319746
0.977579
0.169947
0.292386
0.130855
0.287548
0.822306
0.498102
0.59415
0.886392
0.593546
0.732711
0.676419
0.567066
0.672065
0.401799
0.0304172
0.22215
0.670423
0.802702
0.0174022
0.479433
0.837605
0.630278
0.0877144
0.215744
0.00728754
0.481622
0.626839
0.285634
0.646834
0.341923
0.706544
0.892734
0.172252
0.0463282
0.637933
0.739936
0.101653
0.486337
0.86252
0.371126
0.516169
0.255642
0.574949
0.173201
0.993463
0.139658
0.234126
0.948863
0.533564
0.603929
0.233839
0.125096
0.480917
0.774805
0.142328
0.103851
0.424342
0.91969
0.231815
0.122706
0.327315
0.181233
0.989724
0.293561
0.876136
0.209397
0.334962
0.712984
0.114461
0.739885
0.255552
0.0675984
0.126743
0.164014
0.5829
0.796967
0.628535
0.787525
0.938325
0.425371
0.20803
0.364295
0.700961
0.0476319
0.549936
0.766894
0.192154
0.531592
0.45974
0.856395
0.43313
0.60853
0.555933
0.563698
0.0709489
0.438017
0.757349
0.768466
0.601666
0.195422
0.460299
0.245111
0.583769
0.398773
0.179092
0.993646
0.203807
0.382788
0.522187
0.398614
0.501652
0.258633
0.845057
0.879407
0.186432
0.366175
0.303222
0.244669
0.148139
0.766241
0.208213
0.428209
0.90349
0.952797
0.655482
0.6816
0.648173
0.840215
0.492288
0.88913
0.61619
0.302838
0.793768
0.863186
0.568211
0.919674
0.967237
0.35624
0.333793
0.0548736
0.260496
0.159308
0.48584
0.508779
0.0406667
0.484943
0.443229
0.350011
0.641062
0.32283
0.802708
0.119278
0.706822
0.552084
0.879046
0.118844
0.407472
0.387057
0.263642
0.0281539
0.18306
0.693377
0.584839
0.382455
0.917896
0.0823558
0.153745
0.989466
0.947226
0.0231791
0.571743
0.277449
0.0915229
0.225129
0.747494
0.129363
0.205099
0.100446
0.20279
0.297754
0.34683
0.179814
0.135812
0.584457
0.97067
0.0588088
0.399726
0.198566
0.299147
0.75799
0.533167
0.936989
0.979782
0.197752
0.614137
0.807012
0.445699
0.865261
0.44209
0.2006
0.480251
0.576984
0.374271
0.365356
0.529939
0.678978
0.588242
0.579674
0.588849
0.790394
0.153377
0.807628
0.799892
0.780521
0.21609
0.821333
0.14214
0.952986
0.836987
0.239396
0.523304
0.163993
0.234736
0.206924
0.770172
0.277757
0.255001
0.807008
0.381233
0.3885
0.521051
0.299463
0.0765163
0.0101665
0.867767
0.556683
0.165444
0.613594
0.68163
0.147018
0.927293
0.0199197
0.789889
0.667135
0.542415
0.370561
0.0213745
0.241822
0.310169
0.00615436
0.43638
0.233989
0.646627
0.851652
0.719931
0.876431
0.183469
0.57083
0.942321
0.581755
0.555925
0.423301
0.414567
0.634142
0.0326327
0.456994
0.692822
0.262052
0.306143
0.346887
0.127908
0.755005
0.368793
0.306302
0.0147162
0.334517
0.230419
0.649813
0.403889
0.165274
0.762159
0.598511
0.170745
0.714179
0.202943
0.85682
0.572798
0.00806545
0.555948
0.815746
0.245416
0.707419
0.584848
0.537346
0.182261
0.267287
0.298506
0.985861
0.368482
0.0831786
0.983354
0.232617
0.598626
0.114745
0.516913
0.764528
0.421739
0.159666
0.499317
0.015214
0.701634
0.358958
0.0105343
0.0493776
0.889421
0.495548
0.668393
0.687496
0.746584
0.835143
0.24335
0.980261
0.242837
0.357308
0.275541
0.0142093
0.81589
0.661839
0.525659
0.750497
0.600178
0.197881
0.791903
0.51194
0.182653
0.85097
0.253572
0.783787
0.115159
0.4731
0.392159
0.01058
0.818021
0.47867
0.00545101
0.61515
0.823417
0.166192
0.18099
0.904923
0.0388708
0.301533
0.863342
0.196274
0.782782
0.212009
0.23594
0.441047
0.673806
0.654443
0.215773
0.501734
0.644464
0.504279
0.425018
0.282592
0.526438
0.844263
0.528951
0.081284
0.139415
0.148683
0.908074
0.999325
0.648564
0.408237
0.24024
0.720807
0.603952
0.625517
0.065241
0.504872
0.379307
0.0114914
0.13529
0.819205
0.383311
0.299742
0.763377
0.0722849
0.89299
0.481436
0.489404
0.417123
0.585273
0.677038
0.976411
0.534118
0.926504
0.75863
0.294761
0.0518111
0.788829
0.851102
0.47457
0.103458
0.815913
0.0421378
0.20986
0.124313
0.327389
0.423482
0.456685
0.503932
0.576975
0.221922
0.850772
0.916737
0.59551
0.741198
0.320153
0.81835
0.00981553
0.969541
0.0757154
0.548451
0.821422
0.644662
0.840629
0.457953
0.809023
0.243076
0.386503
0.954246
0.0129977
0.452757
0.489305
0.750842
0.40095
0.770311
0.611423
0.19267
0.20198
0.67757
0.923352
0.77123
0.0631259
0.957792
0.612459
0.595478
0.206149
0.739267
0.860498
0.393547
0.337355
0.930942
0.343264
0.235054
0.545877
0.560798
0.338425
0.908746
0.29719
0.864167
0.0495662
0.0592804
0.325115
0.202805
0.539878
0.731382
0.341667
0.394943
0.804481
0.911018
0.478101
0.437472
0.591473
0.893268
0.161761
0.71747
0.511902
0.537165
0.140355
0.949019
0.155507
0.604486
0.595248
0.340392
0.964192
0.167653
0.747384
0.288108
0.230447
0.125531
0.796804
0.879178
0.351777
0.32227
0.385927
0.274131
0.315893
0.209552
0.945784
0.798344
0.760708
0.213344
0.676582
0.319443
0.8814
0.681508
0.108812
0.804203
0.237071
0.453333
0.16103
0.439438
0.63525
0.64089
0.437443
0.108665
0.327118
0.869435
0.590831
0.101026
0.944961
0.957981
0.784635
0.360231
0.399735
0.352088
0.544399
0.71199
0.414155
0.699118
0.0831811
0.0249434
0.224423
0.885309
0.381546
0.642013
0.313644
0.416829
0.646771
0.280417
0.973263
0.631674
0.537559
0.760384
0.765573
0.984549
0.322375
0.15622
0.595658
0.217352
0.0347929
0.763818
0.490454
0.0647169
0.696841
0.806397
0.113733
0.517319
0.587205
0.146241
0.877316
0.0450716
0.518264
0.467111
0.738366
0.721788
0.0876477
0.0949217
0.34911
0.487825
0.882796
0.156797
0.282801
0.0353907
0.811577
0.175157
0.867932
0.330309
0.499873
0.361754
0.995133
0.19212
0.968132
0.396683
0.0512237
0.916882
0.031272
0.589313
0.586554
0.205658
0.493279
0.542306
0.536397
0.219959
0.845329
0.441202
0.274696
0.818349
0.998866
0.948175
0.98387
0.896917
0.480057
0.320761
0.0252113
0.726214
0.473351
0.607715
0.867096
0.290742
0.492479
0.0863745
0.696478
0.700271
0.462962
0.00054816
0.212928
0.68038
0.139102
0.882546
0.945028
0.0905739
0.275646
0.784432
0.953577
0.76285
0.223048
0.773625
0.321656
0.0784891
0.165617
0.528087
0.564707
0.0353712
0.484521
0.342529
0.877123
0.799946
0.689789
0.276316
0.0476655
0.114467
0.850629
0.515255
0.882907
0.0261094
0.820423
0.855386
0.478287
0.564279
0.831668
0.842802
0.979767
0.949695
0.523942
0.896325
0.529768
0.807671
0.530679
0.121489
0.86305
0.277401
0.282934
0.267009
0.628026
0.232333
0.825199
0.113152
0.741222
0.710666
0.159365
0.448577
0.235174
0.562561
0.954972
0.206638
0.95744
0.693391
0.829381
0.412183
0.561794
0.0643779
0.998845
0.588202
0.903304
0.830122
0.867239
0.691676
0.997436
0.909091
0.0906985
0.369529
0.667348
0.112687
0.936445
0.83528
0.552254
0.732368
0.902569
0.484628
0.134853
0.477523
0.730387
0.61515
0.834123
0.109886
0.849071
0.338303
0.864452
0.8377
0.220377
0.883207
0.0602649
0.871891
0.866782
0.0026438
0.434399
0.94909
0.35129
0.131599
0.776821
0.0353982
0.937629
0.722773
0.647251
0.349334
0.248999
0.918409
0.695721
0.98725
0.716045
0.560465
0.735684
0.63697
0.559137
0.407725
0.639648
0.556972
0.0252591
0.529293
0.828868
0.781036
0.874433
0.602507
0.332506
0.428534
0.362805
0.663067
0.1704
0.915724
0.565699
0.696475
0.652507
0.687841
0.541267
0.0711728
0.20193
0.831188
0.769253
0.833661
0.344609
0.844902
0.271253
0.955458
0.381343
0.229458
0.497267
0.561376
0.053798
0.183587
0.542371
0.626532
0.118469
0.110657
0.818077
0.423195
0.643413
0.843459
0.014588
0.180239
0.270392
0.484431
0.827226
0.188271
0.275489
0.144496
0.547645
0.264805
0.571099
0.458472
0.541638
0.31786
0.271376
0.0195454
0.499899
0.799107
0.58981
0.928735
0.254804
0.495444
0.928474
0.864125
0.34938
0.0310641
0.0949645
0.0687522
0.518983
0.547777
0.495077
0.763048
0.551533
0.611083
0.464738
0.851745
0.276783
0.8994
0.216582
0.0896729
0.132256
0.818936
0.85916
0.908239
0.772802
0.483775
0.799895
0.839391
0.643332
0.484566
0.108433
0.428146
0.847986
0.108999
0.943704
0.831558
0.994699
0.909551
0.820123
0.79909
0.306417
0.945427
0.786088
0.774167
0.426807
0.351988
0.863827
0.339666
0.772109
0.83899
0.908757
0.480945
0.239895
0.906926
0.705728
0.167082
0.145541
0.100422
0.79607
0.541979
0.0494466
0.0497583
0.288018
0.713462
0.156055
0.817203
0.724108
0.0781498
0.463184
0.727966
0.92606
0.293549
0.685532
0.738105
0.322946
0.747671
0.101161
0.207862
0.530969
0.996284
0.542075
0.653226
0.773305
0.930642
0.298496
0.818346
0.933665
0.106862
0.0359304
0.882668
0.996202
0.171779
0.0965136
0.104257
0.254994
0.681199
0.911289
0.0329458
0.72018
0.0661217
0.307596
0.767961
0.117443
0.866959
0.977142
0.817699
0.0634485
0.379079
0.180617
0.624136
0.859281
0.940786
0.794072
0.963975
0.532406
0.154783
0.438818
0.20662
0.669727
0.101224
0.266527
0.516033
0.972612
0.68677
0.544664
0.16348
0.608833
0.649882
0.563867
0.907006
0.0493824
0.969164
0.734071
0.531021
0.87369
0.111966
0.810292
0.580944
0.932861
0.593916
0.943225
0.778208
0.347624
0.521801
0.917073
0.246258
0.865767
0.941253
0.634701
0.413968
0.567498
0.947247
0.378136
0.336586
0.0012322
0.709606
0.350415
0.422431
0.790887
0.435468
0.909637
0.264393
0.650976
0.956969
0.782122
0.119312
0.283453
0.993239
0.367974
0.543264
0.63199
0.861987
0.416875
0.422763
0.383649
0.996564
0.250904
0.941916
0.782667
0.286315
0.100092
0.24031
0.891546
0.210143
0.870059
0.0798253
0.623149
0.265031
0.368586
0.829422
0.089258
0.158921
0.992012
0.739058
0.347445
0.500432
0.75396
0.811625
0.982338
0.14925
0.440819
0.839879
0.843551
0.569774
0.185658
0.359571
0.310795
0.537739
0.787146
0.558222
0.0312498
0.215745
0.0248499
0.652419
0.205182
0.49653
0.176515
0.686338
0.274663
0.265158
0.513387
0.497187
0.216595
0.310275
0.78789
0.0661528
0.830429
0.0183599
0.575387
0.530372
0.95967
0.167182
0.83199
0.257625
0.897712
0.848357
0.332066
0.0321059
0.603053
0.519247
0.983474
0.246499
0.902271
0.476252
0.36886
0.430059
0.999564
0.68031
0.968261
0.566364
0.877617
0.113538
0.231395
0.0522392
0.984902
0.243477
0.122142
0.847007
0.64386
0.350395
0.0879081
0.471208
0.597181
0.827048
0.194364
0.678475
0.128938
0.0675286
0.953038
0.705002
0.963941
0.953983
0.591475
0.91627
0.75132
0.441512
0.48464
0.340076
0.661404
0.213146
0.33891
0.0566227
0.65767
0.452997
0.528909
0.374805
0.354817
0.411853
0.0193154
0.633571
0.421773
0.737776
0.801113
0.313549
0.810929
0.276484
0.868751
0.0940435
0.589462
0.0831575
0.628538
0.835454
0.475739
0.752364
0.981438
0.0308566
0.607018
0.148862
0.917462
0.778084
0.251449
0.0983141
0.365603
0.688175
0.152734
0.00758255
0.439917
0.682526
0.214641
0.475463
0.0992118
0.452573
0.397756
0.088383
0.453393
0.171149
0.495603
0.591764
0.778817
0.573707
0.295007
0.187554
0.222982
0.660747
0.174334
0.0240942
0.951458
0.157996
0.444248
0.479124
0.637241
0.110804
0.286091
0.338535
0.759346
0.32796
0.031837
0.0838104
0.601937
0.757436
0.231621
0.854235
0.121617
0.0197623
0.14568
0.441571
0.483864
0.29564
0.81531
0.910089
0.863179
0.451778
0.0320002
0.826859
0.0182279
0.355602
0.599059
0.377741
0.688915
0.59321
0.0825656
0.68026
0.127576
0.171775
0.0207231
0.292317
0.973054
0.113321
0.593362
0.632185
0.140117
0.940204
0.001202
0.201957
0.283325
0.838812
0.90873
0.0213804
0.340975
0.762407
0.769981
0.0749011
0.862119
0.640558
0.859895
0.257029
0.882597
0.807768
0.15865
0.428338
0.0817249
0.549993
0.728755
0.186317
0.425689
0.560954
0.949873
0.517129
0.391862
0.029636
0.0919752
0.82786
0.843341
0.0294764
0.409503
0.51405
0.630369
0.61406
0.504414
0.690854
0.182251
0.0900827
0.0199066
0.570156
0.612195
0.167389
0.309457
0.048417
0.743707
0.485524
0.200364
0.510489
0.796242
0.442299
0.71759
0.536873
0.229856
0.194604
0.708202
0.752213
0.447479
0.778114
0.76064
0.0783485
0.80347
0.924408
0.521968
0.711204
0.209692
0.29987
0.918101
0.529965
0.127875
0.201156
0.83414
0.384466
0.72083
0.995427
0.14568
0.443457
0.184471
0.396522
0.349991
0.306993
0.632343
0.78953
0.638397
0.537293
0.279216
0.779602
0.778404
0.640389
0.0207936
0.477464
0.740312
0.427261
0.982839
0.574947
0.129702
0.906437
0.485277
0.0566924
0.828557
0.558406
0.129952
0.103742
0.595672
0.457802
0.270258
0.226132
0.598457
0.272552
0.779923
0.158141
0.87443
0.540796
0.157047
0.480568
0.906515
0.7934
0.677216
0.968925
0.717406
0.444315
0.599023
0.77396
0.943173
0.909419
0.600838
0.286195
0.0832285
0.820768
0.644411
0.612496
0.220211
0.0785493
0.178506
0.148629
0.00550577
0.535445
0.220387
0.0404231
0.391353
0.471603
0.230632
0.230909
0.886534
0.98134
0.385722
0.837799
0.887715
0.825131
0.973711
0.154646
0.131807
0.286658
0.866482
0.967236
0.336886
0.0408427
0.442912
0.0187199
0.62593
0.999772
0.167443
0.208222
0.584932
0.947697
0.949374
0.124374
0.345529
0.305879
0.908655
0.758244
0.799657
0.841431
0.931939
0.106619
0.944242
0.874724
0.488916
0.213609
0.122657
0.489972
0.95328
0.776302
0.315946
0.109405
0.766052
0.0314736
0.976926
0.192
0.946949
0.368282
0.709951
0.144362
0.293909
0.722566
0.173282
0.355933
0.158583
0.297851
0.974379
0.383623
0.551799
0.0899415
0.647061
0.15432
0.65698
0.868492
0.741815
0.688551
0.474696
0.207475
0.0402636
0.710141
0.335376
0.670117
0.658164
0.756971
0.410574
0.511787
0.611041
0.769929
0.189989
0.14749
0.857988
0.206779
0.331029
0.605317
0.567102
0.282843
0.742323
0.225367
0.737095
0.358398
0.596563
0.426296
0.760803
0.808413
0.99857
0.973344
0.988836
0.373863
0.5237
0.8263
0.618422
0.815917
0.116074
0.847345
0.327792
0.195185
0.475574
0.964118
0.934421
0.811955
0.535068
0.894559
0.860863
0.521977
0.870823
0.922882
0.870416
0.087542
0.317772
0.800481
0.676104
0.28004
0.634663
0.782443
0.520298
0.642588
0.981691
0.282665
0.746569
0.585435
0.398681
0.636851
0.551728
0.885831
0.163742
0.00868437
0.958234
0.0307142
0.214121
0.733212
0.101411
0.417548
0.734144
0.765013
0.568285
0.158722
0.635243
0.524034
0.446728
0.165599
0.221998
0.121813
0.31122
0.677861
0.815873
0.383345
0.885006
0.290712
0.993884
0.208505
0.348217
0.476317
0.460568
0.767665
0.141563
0.245862
0.202975
0.402224
0.178178
0.631759
0.966341
0.298987
0.0731929
0.152633
0.309237
0.345276
0.0607937
0.760063
0.386642
0.298901
0.629721
0.717602
0.730427
0.290895
0.0698271
0.584615
0.618762
0.527116
0.238518
0.763953
0.757761
0.69348
0.314286
0.208265
0.315179
0.212558
0.459566
0.933583
0.725383
0.511719
0.453615
0.909516
0.2301
0.29678
0.976782
0.770631
0.996826
0.660069
0.780236
0.419848
0.387087
0.776934
0.933989
0.558116
0.262279
0.124104
0.82069
0.339051
0.424812
0.808522
0.823046
0.930978
0.945941
0.433967
0.689318
0.372857
0.612309
0.0798486
0.0149057
0.520554
0.948594
0.0204252
0.286094
0.379952
0.857321
0.991326
0.208335
0.488031
0.333951
0.717545
0.783703
0.690814
0.516422
0.512756
0.897121
0.910183
0.439473
0.214612
0.988733
0.632629
0.601981
0.487402
0.761121
0.162636
0.419422
0.219996
0.468989
0.292925
0.196006
0.271412
0.621714
0.148856
0.828202
0.58961
0.572749
0.19356
0.15526
0.458655
0.608887
0.555487
0.0644083
0.510048
0.373447
0.531739
0.939439
0.157653
0.667809
0.857678
0.994667
0.373335
0.640106
0.256045
0.351278
0.930923
0.0163955
0.559332
0.689596
0.0380386
0.314754
0.0783292
0.478793
0.0792667
0.235176
0.610481
0.360848
0.778025
0.272198
0.827186
0.516479
0.466368
0.250455
0.396271
0.123447
0.771422
0.28975
0.830937
0.552272
0.0372673
0.35172
0.35677
0.226693
0.0235582
0.942368
0.379309
0.045763
0.139264
0.614911
0.812238
0.287475
0.585654
0.0806593
0.641585
0.120397
0.509596
0.77272
0.109566
0.474289
0.367683
0.642618
0.483651
0.721783
0.00511864
0.0289457
0.490987
0.0221843
0.852278
0.232177
0.197323
0.406951
0.630977
0.83857
0.838525
0.0846653
0.970298
0.798848
0.242191
0.503582
0.697877
0.219309
0.933186
0.0654871
0.641671
0.571061
0.827855
0.752821
0.663419
0.0783463
0.766624
0.644501
0.132111
0.386383
0.941539
0.440021
0.432048
0.434878
0.00039668
0.667002
0.306359
0.972186
0.535981
0.229931
0.448302
0.614947
0.41317
0.153462
0.229108
0.613739
0.108375
0.463601
0.736362
0.0422756
0.525495
0.998918
0.807699
0.989915
0.495822
0.272146
0.949842
0.998891
0.354145
0.112016
0.65619
0.5797
0.0228998
0.876125
0.024546
0.543944
0.0708786
0.256995
0.310505
0.65853
0.920808
0.020995
0.862205
0.0713906
0.861399
0.533243
0.217016
0.379646
0.715013
0.219164
0.486992
0.877501
0.153377
0.803128
0.165664
0.307461
0.492264
0.480171
0.240608
0.902332
0.489775
0.643962
0.0748885
0.650299
0.570322
0.40185
0.891208
0.537316
0.67739
0.896112
0.954776
0.924501
0.0867641
0.245028
0.182207
0.348597
0.866782
0.0107206
0.181397
0.733782
0.678226
0.947388
0.742702
0.585442
0.526016
0.756664
0.25032
0.123478
0.286695
0.474646
0.374139
0.159658
0.366644
0.186629
0.680212
0.321922
0.540326
0.253251
0.389087
0.380867
0.235722
0.773524
0.619366
0.688803
0.718803
0.913843
0.961199
0.879631
0.951182
0.514557
0.153778
0.552228
0.30342
0.579477
0.268129
0.438423
0.570775
0.0153028
0.193825
0.616721
0.232475
0.20083
0.35644
0.691931
0.28901
0.392144
0.757913
0.252069
0.516448
0.944592
0.757657
0.945045
0.377802
0.712471
0.499757
0.413418
0.320463
0.0251866
0.31104
0.656765
0.256583
0.394898
0.0543313
0.145562
0.463574
0.280977
0.384535
0.874218
0.982341
0.213223
0.630699
0.157782
0.84973
0.409172
0.958047
0.902264
0.350991
0.106561
0.966877
0.304203
0.740675
0.526484
0.617281
0.647824
0.974562
0.471595
0.101489
0.725867
0.643113
0.795513
0.193538
0.792265
0.604503
0.878438
0.903718
0.78717
0.964027
0.397103
0.107306
0.49284
0.166446
0.457952
0.806925
0.990949
0.884277
0.0360107
0.231378
0.771695
0.881348
0.815098
0.349513
0.272615
0.832867
0.989082
0.503267
0.412245
0.595633
0.811578
0.195091
0.894678
0.857064
0.681759
0.319907
0.68418
0.0147579
0.036566
0.564629
0.71403
0.696673
0.984772
0.0580497
0.641719
0.372442
0.639672
0.959787
0.143677
0.779621
0.0925078
0.777979
0.484795
0.941859
0.820619
0.135246
0.0714661
0.131494
0.0116541
0.871123
0.957655
0.313369
0.791758
0.0754899
0.759213
0.0913015
0.505052
0.416807
0.273985
0.872492
0.980556
0.20859
0.768507
0.29642
0.936413
0.300356
0.0759722
0.864201
0.624703
0.376718
0.493427
0.0250494
0.00585382
0.385108
0.509379
0.126391
0.259457
0.687862
0.895269
0.788406
0.741863
0.493955
0.896936
0.795577
0.26669
0.253776
0.206282
0.984527
0.947312
0.470799
0.721802
0.32708
0.230474
0.582732
0.971311
0.83089
0.775184
0.518745
0.543674
0.526521
0.234923
0.346988
0.835379
0.222706
0.0263311
0.546933
0.310135
0.441239
0.907294
0.886227
0.821454
0.179689
0.0269024
0.148988
0.0493412
0.27696
0.874399
0.0182997
0.562772
0.513653
0.965057
0.719863
0.742978
0.223302
0.0300433
0.936965
0.566597
0.791765
0.186757
0.831947
0.532167
0.133978
0.768621
0.216737
0.705801
0.400236
0.765592
0.297409
0.545456
0.478975
0.134681
0.587668
0.928266
0.372351
0.107511
0.93854
0.0453562
0.301945
0.783207
0.35703
0.607323
0.275102
0.642544
0.2417
0.253258
0.50775
0.756811
0.723617
0.826824
0.43622
0.547987
0.00927356
0.86068
0.453305
0.693319
0.609681
0.90559
0.250356
0.734568
0.888731
0.893808
0.23509
0.158322
0.918872
0.477308
0.11617
0.464586
0.296334
0.478963
0.938834
0.986057
0.660684
0.11145
0.140162
0.703862
0.80088
0.39127
0.0699472
0.602002
0.851336
0.399808
0.565723
0.109206
0.429303
0.290112
0.914624
0.084205
0.23358
0.776068
0.378962
0.208919
0.309169
0.210461
0.213051
0.743951
0.576164
0.582244
0.766662
0.295295
0.0253461
0.991345
0.534609
0.166881
0.764228
0.382895
0.317063
0.880333
0.759428
0.703938
0.0849838
0.322322
0.257581
0.163747
0.103047
0.909345
0.364084
0.158762
0.307794
0.0923207
0.634486
0.806036
0.0417779
0.160531
0.04327
0.238441
0.473213
0.282665
0.752533
0.817229
0.169937
0.128251
0.520363
0.732731
0.0117394
0.303599
0.582095
0.266701
0.442704
0.528488
0.297005
0.761497
0.47191
0.39656
0.984115
0.0247396
0.797969
0.457819
0.571041
0.486406
0.0221999
0.114422
0.0903908
0.19759
0.89312
0.669595
0.876516
0.597945
0.658357
0.00341152
0.337398
0.644276
0.354964
0.882145
0.212152
0.630652
0.373463
0.790291
0.421808
0.335077
0.633567
0.356133
0.530347
0.539276
0.614892
0.492108
0.865788
0.305555
0.455663
0.330506
0.813839
0.196614
0.490341
0.169382
0.796073
0.598705
0.435335
0.677134
0.584174
0.210399
0.172238
0.796581
0.135576
0.618499
0.117293
0.351024
0.655925
0.130378
0.264189
0.228035
0.589947
0.238406
0.897614
0.204498
0.00350655
0.934627
0.270694
0.555934
0.577018
0.948264
0.478276
0.379874
0.538304
0.270201
0.265359
0.888047
0.407594
0.431077
0.119309
0.225757
0.296665
0.045539
0.374491
0.0719162
0.694865
0.603965
0.832071
0.610546
0.440535
0.0735886
0.804421
0.906136
0.420716
0.980918
0.290485
0.178286
0.459114
0.329882
0.31885
0.916545
0.376595
0.432775
0.651582
0.146941
0.639973
0.0268369
0.0484679
0.600186
0.323369
0.868798
0.887676
0.178868
0.240855
0.0451655
0.0971638
0.032029
0.311671
0.258052
0.0828905
0.140131
0.177029
0.334671
0.819006
0.0363167
0.375416
0.613708
0.591467
0.787307
0.271647
0.577012
0.847766
0.401538
0.651931
0.0119597
0.00610522
0.610447
0.78813
0.105765
0.58593
0.727832
0.67558
0.471031
0.61953
0.43402
0.571061
0.814683
0.374724
0.979661
0.170174
0.119363
0.136191
0.956022
0.857065
0.685688
0.351877
0.998052
0.257124
0.485719
0.48214
0.330427
0.486761
0.991567
0.273883
0.159762
0.119461
0.784275
0.314987
0.981418
0.689118
0.00949857
0.642468
0.959451
0.496662
0.398578
0.895147
0.737741
0.210614
0.787433
0.389369
0.124031
0.580688
0.623435
0.0731683
0.74027
0.714717
0.256455
0.243993
0.787091
0.646074
0.565117
0.926654
0.269274
0.696433
0.949934
0.540599
0.851493
0.0488301
0.687027
0.865031
0.574055
0.148028
0.906257
0.463634
0.289757
0.947737
0.622222
0.691096
0.246289
0.375021
0.973589
0.117411
0.319403
0.19887
0.402542
0.524269
0.384848
0.139064
0.241652
0.447095
0.326345
0.874993
0.00812785
0.604767
0.326273
0.670249
0.870248
0.255101
0.476865
0.678325
0.60686
0.489148
0.115539
0.865389
0.590616
0.480352
0.275721
0.0458004
0.767354
0.917023
0.40616
0.336512
0.754758
0.21224
0.11317
0.0505197
0.0840532
0.681698
0.301791
0.196396
0.829604
0.158204
0.940248
0.751399
0.756639
0.831484
0.747207
0.312272
0.354186
0.802662
0.339842
0.726963
0.0624415
0.453757
0.296903
0.0431467
0.166683
0.447624
0.2198
0.182861
0.337978
0.388928
0.71267
0.846837
0.78466
0.78179
0.551156
0.277163
0.275105
0.686466
0.431767
0.710326
0.452291
0.646547
0.52257
0.841211
0.225011
0.759416
0.505806
0.0743391
0.417985
0.0708412
0.628365
0.932286
0.927841
0.224912
0.0909515
0.62244
0.353727
0.0896107
0.0873335
0.814228
0.725778
0.153176
0.420633
0.58593
0.732051
0.574448
0.7423
0.831951
0.595561
0.590062
0.171731
0.282806
0.120424
0.969645
0.826983
0.101615
0.846343
0.491432
0.501509
0.860281
0.74757
0.406447
0.146755
0.510106
0.355367
0.657253
0.449978
0.779154
0.243716
0.134072
0.353351
0.777307
0.205071
0.630849
0.672426
0.467211
0.421615
0.0800349
0.146713
0.813395
0.729929
0.915866
0.956584
0.306912
0.27799
0.175292
0.137391
0.131963
0.908782
0.892408
0.707568
0.101135
0.777764
0.871822
0.705803
0.424075
0.429694
0.87122
0.593758
0.28798
0.0843628
0.885569
0.750194
0.509203
0.182072
0.0858682
0.187626
0.422389
0.0898555
0.201171
0.0741117
0.596126
0.0912195
0.125772
0.854714
0.170028
0.666493
0.746471
0.936387
0.860568
0.573043
0.134331
0.697839
0.587346
0.51987
0.44693
0.560819
0.682175
0.311477
0.994151
0.695261
0.252168
0.184662
0.618748
0.298899
0.596615
0.312758
0.519914
0.200837
0.464413
0.387257
0.620035
0.929364
0.814721
0.0130032
0.543973
0.562226
0.330872
0.968238
0.172463
0.58074
0.497672
0.370255
0.87718
0.769054
0.487943
0.860942
0.858901
0.550407
0.690835
0.861902
0.985338
0.582859
0.102956
0.383634
0.729974
0.679226
0.757826
0.783223
0.635907
0.693328
0.759548
0.722695
0.336671
0.425944
0.84856
0.743267
0.0924459
0.738785
0.765747
0.911572
0.797452
0.768695
0.451746
0.500308
0.675684
0.215059
0.500239
0.524018
0.166458
0.665868
0.239805
0.401939
0.383681
0.53044
0.101122
0.55897
0.601416
0.0034153
0.400987
0.388805
0.648207
0.414467
0.945955
0.674041
0.61097
0.566116
0.705106
0.714856
0.587946
0.614156
0.123784
0.437674
0.990677
0.306179
0.954534
0.853318
0.707826
0.423686
0.887382
0.224902
0.925565
0.965901
0.902058
0.895023
0.650073
0.768702
0.578948
0.383979
0.528985
0.655653
0.566149
0.267673
0.782606
0.254111
0.844289
0.965576
0.442947
0.604735
0.780892
0.459482
0.513371
0.220658
0.591926
0.507426
0.302779
0.801353
0.345498
0.790935
0.248346
0.950464
0.455577
0.888278
0.293316
0.75905
0.361331
0.888406
0.435135
0.310918
0.60304
0.294059
0.246696
0.214563
0.162026
0.16453
0.256192
0.815317
0.025066
0.284825
0.0495663
0.0610883
0.710344
0.747634
0.488059
0.800614
0.921239
0.262249
0.622231
0.828488
0.39216
0.0264519
0.576655
0.846263
0.147919
0.0671073
0.872647
0.572673
0.918636
0.518034
0.596064
0.043746
0.239745
0.393996
0.895022
0.632205
0.467932
0.531998
0.285727
0.221382
0.771831
0.16329
0.419525
0.948911
0.35023
0.309046
0.137999
0.349061
0.676607
0.72798
0.153941
0.279327
0.645698
0.253996
0.906597
0.182299
0.899251
0.711823
0.604418
0.449335
0.972065
0.499732
0.991287
0.566784
0.940923
0.0988749
0.790281
0.25495
0.949433
0.128098
0.935321
0.932845
0.329424
0.623674
0.0963448
0.266416
0.653013
0.191371
0.373453
0.63266
0.119217
0.688282
0.96126
0.891204
0.473375
0.013661
0.60063
0.783198
0.216171
0.190212
0.890513
0.85747
0.496961
0.425822
0.798748
0.549637
0.746905
0.224083
0.165829
0.092122
0.294974
0.631835
0.250797
0.149239
0.263066
0.353635
0.535474
0.707977
0.976162
0.358531
0.833472
0.16229
0.607176
0.813169
0.932066
0.231103
0.139909
0.450645
0.984527
0.945739
0.0317038
0.845132
0.138403
0.14426
0.571935
0.515344
0.379082
0.236607
0.645473
0.459756
0.12383
0.210888
0.397994
0.0895908
0.752968
0.125305
0.999598
0.243589
0.00594946
0.992613
0.844912
0.437149
0.161953
0.947357
0.236304
0.564398
0.839249
0.258528
0.0789902
0.588285
0.311847
0.212006
0.179496
0.790519
0.248222
0.869691
0.898457
0.368082
0.358692
0.531941
0.339339
0.277427
0.709455
0.813388
0.606875
0.747223
0.574103
0.950888
0.578716
0.480006
0.45489
0.34202
0.331393
0.716005
0.904404
0.317517
0.509627
0.294528
0.128515
0.947935
0.947928
0.832638
0.149481
0.32748
0.952386
0.758212
0.270438
0.256197
0.900053
0.184698
0.223648
0.854545
0.331968
0.381454
0.099694
0.556348
0.5428
0.841223
0.439242
0.343291
0.69029
0.7044
0.855575
0.640649
0.380645
0.496181
0.308358
0.573552
0.693319
0.606793
0.368146
0.431992
0.49267
0.29762
0.0978685
0.875627
0.657242
0.258498
0.575629
0.603903
0.799945
0.670121
0.721855
0.211491
0.526686
0.00656101
0.270819
0.659787
0.0390759
0.748555
0.972139
0.737566
0.270936
0.615753
0.963089
0.630678
0.813109
0.92554
0.550783
0.00623747
0.833128
0.388425
0.261663
0.764746
0.09049
0.865538
0.0949914
0.520255
0.933981
0.418815
0.0211879
0.104975
0.306992
0.614992
0.170254
0.461398
0.70995
0.13425
0.347086
0.48049
0.597312
0.0206618
0.263314
0.516206
0.881165
0.732667
0.928578
0.605257
0.561108
0.547093
0.989814
0.796059
0.369165
0.563547
0.528639
0.834455
0.680093
0.318262
0.025032
0.712295
0.534212
0.509348
0.618593
0.693149
0.747742
0.29876
0.251741
0.0129766
0.0981209
0.117511
0.00687734
0.587522
0.488482
0.913813
0.459975
0.805065
0.719533
0.184158
0.141593
0.749058
0.425064
0.0464145
0.0884097
0.901288
0.947226
0.0325864
0.680164
0.515047
0.388981
0.611349
0.936436
0.676992
0.200489
0.614726
0.703651
0.267251
0.68531
0.000160141
0.691488
0.845342
0.670303
0.780368
0.652946
0.0641782
0.643516
0.576131
0.0339672
0.886914
0.364449
0.290354
0.982528
0.34881
0.456292
0.896488
0.273184
0.406238
0.642295
0.0454826
0.426616
0.135781
0.0674785
0.110537
0.793646
0.806612
0.725932
0.731135
0.178821
0.445429
0.333605
0.905848
0.584521
0.0462641
0.560109
0.750366
0.403497
0.566119
0.756885
0.968863
0.672758
0.043429
0.911827
0.071651
0.237858
0.675146
0.179555
0.781517
0.95757
0.882403
0.554112
0.953985
0.627742
0.46238
0.226383
0.826223
0.328018
0.996946
0.666155
0.0722436
0.198454
0.423502
0.806297
0.428466
0.222323
0.581966
0.0960339
0.0425493
0.125561
0.306966
0.169899
0.484705
0.431119
0.818298
0.128692
0.919201
0.00612138
0.881999
0.754765
0.343629
0.369557
0.152669
0.902468
0.77808
0.188611
0.981413
0.610471
0.186266
0.564585
0.984276
0.718693
0.0777143
0.143799
0.826201
0.961032
0.0585219
0.576992
0.508908
0.209925
0.208296
0.837198
0.783027
0.334557
0.897382
0.300118
0.0894466
0.329517
0.186131
0.30037
0.312939
0.56535
0.842648
0.385412
0.619841
0.671293
0.422744
0.0510053
0.245955
0.757895
0.935359
0.576775
0.864019
0.562769
0.453249
0.756409
0.957987
0.881259
0.325763
0.103043
0.846617
0.088712
0.982104
0.226987
0.962913
0.676608
0.743437
0.941072
0.599838
0.479709
0.46929
0.35099
0.095416
0.657067
0.322224
0.622887
0.865938
0.8194
0.65629
0.271206
0.153513
0.0988052
0.618908
0.994199
0.500861
0.962853
0.662897
0.311427
0.161715
0.941501
0.803283
0.78068
0.897075
0.142964
0.790101
0.224878
0.5163
0.460346
0.0329448
0.703674
0.652927
0.735972
0.474833
0.511339
0.0820349
0.760046
0.0920109
0.427329
0.111761
0.374735
0.175008
0.353366
0.0282051
0.0434834
0.826268
0.0783554
0.919308
0.81521
0.236342
0.191807
0.697573
0.114787
0.225466
0.40664
0.393978
0.590709
0.0483885
0.266189
0.838918
0.697235
0.43134
0.536019
0.866504
0.337376
0.285038
0.638951
0.842251
0.712446
0.0816879
0.927851
0.395362
0.85244
0.950752
0.29495
0.227274
0.799453
0.398924
0.720447
0.549598
0.0972141
0.877676
0.101218
0.168721
0.688295
0.1729
0.936071
0.552498
0.830528
0.692264
0.877515
0.396683
0.0498854
0.42392
0.822762
0.160141
0.483356
0.763637
0.44865
0.456439
0.376711
0.387473
0.266474
0.621002
0.179622
0.906519
0.856927
0.369442
0.217325
0.580527
0.915981
0.890738
0.63511
0.28808
0.758345
0.503074
0.172558
0.185921
0.766482
0.266232
0.560588
0.79668
0.7981
0.664683
0.333466
0.563948
0.269099
0.754493
0.763833
0.744381
0.808253
0.31152
0.709927
0.746751
0.64812
0.949778
0.91198
0.649203
0.15608
0.243168
0.931303
0.409021
0.413914
0.650397
0.217694
0.790876
0.255477
0.803585
0.853193
0.615242
0.376043
0.158755
0.187229
0.752694
0.534498
0.300753
0.762486
0.0942655
0.320957
0.327477
0.912081
0.338603
0.903029
0.208017
0.14878
0.544889
0.943875
0.701253
0.955478
0.71304
0.0639949
0.562032
0.0712676
0.794854
0.111822
0.387295
0.270962
0.0587413
0.264973
0.403125
0.327876
0.616712
0.0786473
0.825604
0.933833
0.923588
0.748959
0.749336
0.0959818
0.166059
0.945591
0.555722
0.0243242
0.816252
0.753924
0.197639
0.71132
0.156118
0.879319
0.717337
0.276425
0.872587
0.569755
0.877237
0.718416
0.416258
0.0533406
0.495854
0.814607
0.097014
0.514983
0.312089
0.274776
0.155312
0.336139
0.494155
0.268606
0.458549
0.839939
0.858459
0.127064
0.57263
0.191379
0.500609
0.727104
0.438887
0.376976
0.830566
0.321105
0.807255
0.528716
0.129335
0.738679
0.974424
0.148009
0.584492
0.55055
0.0881457
0.464864
0.962791
0.622068
0.100982
0.209916
0.0604563
0.0883798
0.398491
0.433565
0.924267
0.161089
0.416646
0.575015
0.277025
0.951565
0.958695
0.790082
0.90726
0.318244
0.729555
0.634641
0.410878
0.632268
0.524312
0.108028
0.625301
0.440239
0.0952352
0.617383
0.360687
0.0717999
0.7412
0.352062
0.0979123
0.612714
0.886129
0.167742
0.245054
0.622323
0.376113
0.332076
0.200889
0.346993
0.903625
0.232219
0.904741
0.976084
0.0404454
0.765344
0.136347
0.586558
0.286113
0.701741
0.165018
0.459753
0.0671593
0.745764
0.0598562
0.00398557
0.985401
0.641837
0.349532
0.584174
0.220675
0.881353
0.906369
0.343199
0.141882
0.610705
0.120605
0.00529818
0.0465589
0.515962
0.766263
0.583643
0.295906
0.290795
0.399625
0.49986
0.153768
0.378413
0.980683
0.340876
0.107349
0.210847
0.706206
0.201421
0.287328
0.122844
0.637949
0.00319142
0.638233
0.782559
0.477007
0.0626909
0.64632
0.695398
0.547431
0.666404
0.258404
0.999039
0.842633
0.13021
0.435645
0.892947
0.759242
0.576928
0.424807
0.727049
0.514671
0.0795739
0.398068
0.327026
0.324189
0.638402
0.630607
0.604264
0.861859
0.263927
0.824161
0.671172
0.390423
0.844331
0.678308
0.326237
0.0702166
0.131106
0.506259
0.688551
0.479767
0.443962
0.672512
0.915426
0.568546
0.55567
0.143075
0.661307
0.594645
0.192784
0.120387
0.351738
0.655533
0.550217
0.501128
0.452504
0.23583
0.593742
0.0204437
0.596613
0.273235
0.254084
0.39396
0.281247
0.912708
0.876144
0.354052
0.547901
0.566154
0.344849
0.876735
0.278193
0.59324
0.583305
0.599483
0.511695
0.0658655
0.00133992
0.520018
0.934644
0.556771
0.656704
0.218361
0.986537
0.719105
0.995012
0.16016
0.812197
0.586882
0.717472
0.559032
0.657726
0.395605
0.940113
0.479811
0.176706
0.897927
0.463717
0.687148
0.888273
0.196895
0.213501
0.303761
0.31878
0.74277
0.733743
0.0133683
0.680747
0.314976
0.798085
0.416431
0.954826
0.763128
0.886915
0.377722
0.378443
0.489154
0.219434
0.0295265
0.251268
0.0608533
0.760798
0.728999
0.284634
0.846139
0.0659478
0.384705
0.744836
0.464579
0.17814
0.995287
0.787258
0.451765
0.809864
0.389818
0.672368
0.488907
0.0665591
0.659155
0.421573
0.375951
0.612679
0.291794
0.188111
0.576886
0.731304
0.032104
0.571466
0.632734
0.360394
0.134566
0.653701
0.756976
0.496789
0.532062
0.359271
0.259782
0.153876
0.201886
0.10148
0.5805
0.460236
0.182259
0.225988
0.173598
0.656576
0.0717362
0.670467
0.535728
0.978178
0.229516
0.467611
0.142502
0.0240651
0.461543
0.155534
0.0622894
0.898166
0.473714
0.703658
0.387206
0.764989
0.162933
0.42206
0.56879
0.657752
0.833201
0.612461
0.64019
0.681532
0.512473
0.128702
0.0927739
0.251187
0.696834
0.697391
0.0554201
0.446392
0.508167
0.764159
0.213769
0.807657
0.290488
0.226771
0.335712
0.304853
0.656418
0.409581
0.828754
0.874173
0.218503
0.388175
0.0624634
0.822207
0.832893
0.430505
0.497594
0.0636271
0.380374
0.949303
0.931118
0.305122
0.184825
0.357641
0.868624
0.968355
0.136975
0.144017
0.500807
0.0571695
0.846978
0.152332
0.251148
0.0512529
0.408323
0.683603
0.31431
0.604287
0.258797
0.597466
0.614892
0.488563
0.27917
0.0163436
0.687153
0.986947
0.625328
0.885403
0.964625
0.44811
0.380191
0.872264
0.139719
0.249832
0.923008
0.992278
0.21805
0.76591
0.648297
0.931209
0.83776
0.229877
0.547886
0.323959
0.776457
0.914434
0.891211
0.578311
0.672324
0.75679
0.364167
0.55929
0.994982
0.664728
0.0755937
0.503171
0.788171
0.794603
0.884354
0.330265
0.766941
0.979432
0.312314
0.0659159
0.849116
0.0878426
0.36996
0.915012
0.602162
0.534301
0.000498711
0.38183
0.419581
0.898727
0.907736
0.326553
0.376659
0.513761
0.782419
0.109648
0.854844
0.370436
0.910243
0.449622
0.796928
0.967669
0.605157
0.869313
0.549581
0.809736
0.231642
0.206523
0.0320749
0.0821303
0.364068
0.893229
0.493718
0.914949
0.55281
0.0792048
0.194504
0.030792
0.521156
0.0699835
0.212639
0.82418
0.993861
0.824966
0.207371
0.281898
0.852203
0.976428
0.827678
0.7774
0.75866
0.80256
0.618119
0.728949
0.447612
0.0112353
0.832344
0.211746
0.821562
0.99856
0.80348
0.0926826
0.715951
0.981237
0.646179
0.328242
0.759567
0.0362586
0.398153
0.753178
0.666095
0.0626342
0.692246
0.581334
0.480628
0.922072
0.268327
0.779429
0.868693
0.1269
0.807292
0.155467
0.938485
0.124091
0.594289
0.213915
0.274051
0.977505
0.932402
0.879636
0.0392834
0.235438
0.00289027
0.576764
0.664212
0.403037
0.849373
0.418541
0.410415
0.853232
0.276711
0.686822
0.409376
0.379079
0.174066
0.527008
0.417627
0.0506258
0.867894
0.695136
0.156063
0.945015
0.867726
0.868667
0.678488
0.34972
0.748532
0.579177
0.225223
0.327708
0.792629
0.720098
0.689933
0.702929
0.128106
0.0782457
0.0759323
0.193818
0.492384
0.491634
0.899077
0.781794
0.618831
0.684417
0.994326
0.634157
0.270069
0.0504104
0.247087
0.789754
0.398592
0.130682
0.367475
0.152785
0.863153
0.0193789
0.700743
0.388413
0.0570892
0.498502
0.322973
0.20974
0.0921727
0.146084
0.234758
0.573981
0.892436
0.167368
0.946189
0.590442
0.567072
0.781001
0.276272
0.300897
0.173336
0.257601
0.495617
0.831415
0.597428
0.964278
0.620697
0.053131
0.972227
0.21394
0.690829
0.759337
0.182625
0.375111
0.492977
0.468987
0.269838
0.159531
0.235712
0.603825
0.485506
0.898602
0.807992
0.921834
0.269162
0.811217
0.127526
0.330589
0.207716
0.0766822
0.798224
0.757877
0.641056
0.22979
0.0814829
0.483208
0.274053
0.0151658
0.892238
0.852446
0.0637182
0.911384
0.634495
0.955457
0.361229
0.177342
0.591589
0.830537
0.841998
0.458478
0.637707
0.944209
0.326706
0.949915
0.217738
0.523119
0.0624736
0.993135
0.618186
0.850742
0.416475
0.700092
0.449004
0.403721
0.336535
0.138625
0.877673
0.0430132
0.92219
0.251514
0.191869
0.746127
0.153029
0.959718
0.975364
0.950145
0.0856158
0.944935
0.524361
0.933483
0.0473546
0.889176
0.383299
0.11068
0.205029
0.914517
0.281753
0.423282
0.0923401
0.960329
0.250307
0.913762
0.600123
0.274432
0.385204
0.128764
0.136287
0.579093
0.821259
0.895431
0.509486
0.931583
0.107981
0.833453
0.841448
0.215551
0.772986
0.569908
0.438205
0.908065
0.856603
0.925459
0.189582
0.296435
0.177466
0.66423
0.719896
0.288264
0.855615
0.319657
0.467606
0.058329
0.335154
0.926303
0.373365
0.150651
0.992117
0.508866
0.513629
0.554361
0.142893
0.59809
0.0989788
0.536493
0.834703
0.853316
0.686882
0.428565
0.88754
0.877149
0.240437
0.0311186
0.0106654
0.253041
0.85289
0.530513
0.327389
0.425767
0.865719
0.140686
0.502814
0.789956
0.786854
0.653765
0.824008
0.0957488
0.250479
0.800957
0.679396
0.611422
0.170772
0.159249
0.493879
0.620283
0.0884998
0.415323
0.326956
0.148981
0.924135
0.935426
0.700454
0.533489
0.352508
0.60459
0.345287
0.242123
0.359077
0.00635234
0.763808
0.313844
0.78299
0.70714
0.90752
0.688254
0.484321
0.978395
0.88504
0.874622
0.765182
0.410384
0.317259
0.174366
0.567542
0.672391
0.880359
0.192109
0.770555
0.725221
0.794865
0.294301
0.322364
0.964654
0.945217
0.265881
0.655514
0.220148
0.0264505
0.553646
0.125166
0.668271
0.635719
0.536969
0.832665
0.607464
0.655766
0.464631
0.046632
0.743637
0.309862
0.856904
0.9902
0.290725
0.213429
0.106538
0.588715
0.529818
0.647112
0.0107596
0.837137
0.7589
0.825752
0.407341
0.178455
0.299828
0.20623
0.115831
0.778979
0.302457
0.391759
0.294796
0.636629
0.81851
0.703198
0.647028
0.602506
0.322152
0.40404
0.696964
0.868943
0.319345
0.23272
0.325671
0.558454
0.943362
0.0891395
0.168018
0.883313
0.834777
0.0922853
0.0395097
0.0403055
0.413974
0.660202
0.0123474
0.523178
0.0473987
0.629159
0.281168
0.593894
0.575002
0.056814
0.87282
0.491745
0.75132
0.435501
0.463618
0.0351888
0.418102
0.0479073
0.178255
0.926357
0.289567
0.753358
0.684765
0.84521
0.443043
0.230468
0.467934
0.575035
0.612024
0.295049
0.888906
0.850329
0.47609
0.647256
0.427308
0.759982
0.0142338
0.226986
0.947237
0.206418
0.265976
0.264858
0.467062
0.904459
0.238923
0.584962
0.464715
0.467196
0.167563
0.231894
0.44235
0.571463
0.572635
0.281718
0.841297
0.679338
0.63736
0.109197
0.276454
0.35711
0.942681
0.647129
0.289433
0.503159
0.597607
0.980999
0.650363
0.658203
0.417477
0.542204
0.822954
0.388925
0.66093
0.250519
0.477875
0.645768
0.426949
0.737982
0.263147
0.711823
0.603228
0.455591
0.120056
0.784912
0.0106673
0.284988
0.790142
0.911438
0.537227
0.18163
0.657118
0.176809
0.628588
0.677884
0.203255
0.109245
0.0816384
0.0962917
0.373834
0.031351
0.915585
0.243208
0.594768
0.261935
0.343892
0.79803
0.494712
0.617979
0.368727
0.202228
0.847405
0.33611
0.997658
0.642864
0.612515
0.53422
0.637685
0.575243
0.109222
0.692605
0.615919
0.744479
0.450593
0.121748
0.219974
0.100985
0.254589
0.878151
0.0835588
0.373444
0.468956
0.743303
0.691758
0.37645
0.9989
0.504075
0.981424
0.787347
0.940278
0.244867
0.477257
0.258259
0.555325
0.352125
0.168802
0.0598035
0.11797
0.723944
0.318916
0.0267471
0.537994
0.0701498
0.00739636
0.310637
0.87639
0.493825
0.724015
0.512539
0.24943
0.172498
0.17772
0.937076
0.433021
0.791943
0.188389
0.256758
0.330178
0.301774
0.921651
0.195551
0.633369
0.027367
0.957529
0.194403
0.330232
0.201322
0.611945
0.960074
0.962232
0.228101
0.688487
0.408501
0.683059
0.171616
0.344019
0.921856
0.641204
0.723052
0.337727
0.18191
0.36388
0.739523
0.158145
0.949923
0.3543
0.725984
0.619741
0.979287
0.873712
0.469584
0.297984
0.210537
0.491989
0.860062
0.0642848
0.434902
0.391997
0.29177
0.77426
0.990187
0.077472
0.071778
0.372719
0.28992
0.688133
0.447203
0.139057
0.131332
0.290433
0.313723
0.742733
0.121149
0.156077
0.185363
0.3932
0.508111
0.824039
0.631581
0.985144
0.319341
0.160678
0.520331
0.211464
0.0688979
0.966719
0.648708
0.83762
0.885058
0.16887
0.191403
0.903682
0.186269
0.624191
0.77607
0.408827
0.157119
0.699079
0.419364
0.252829
0.292206
0.0984191
0.130003
0.961747
0.083386
0.469274
0.0842208
0.498369
0.0940545
0.773828
0.718833
0.423113
0.256612
0.873551
0.773916
0.211462
0.0469919
0.79245
0.709411
0.0759011
0.66956
0.302107
0.513522
0.76134
0.835629
0.418775
0.353755
0.562402
0.285115
0.931742
0.780248
0.621988
0.74508
0.551196
0.949597
0.870324
0.540144
0.192452
0.538597
0.206621
0.672928
0.900179
0.309104
0.103937
0.874412
0.241077
0.785912
0.819149
0.441063
0.939276
0.416216
0.348302
0.914209
0.109157
0.59988
0.1784
0.373788
0.260524
0.627293
0.91942
0.684624
0.483955
0.834672
0.326735
0.429883
0.0356715
0.530713
0.699114
0.00950367
0.728206
0.95592
0.152967
0.910773
0.360233
0.435627
0.584385
0.750406
0.0814949
0.684706
0.845947
0.829791
0.298535
0.477741
0.386929
0.122073
0.685495
0.120721
0.964528
0.821829
0.485504
0.864338
0.935556
0.881734
0.298885
0.356252
0.524208
0.369259
0.137985
0.117017
0.712726
0.785782
0.636179
0.263505
0.724783
0.42817
0.246607
0.723162
0.189579
0.258727
0.428402
0.157788
0.94356
0.415714
0.910255
0.658696
0.6974
0.208246
0.984781
0.213294
0.825285
0.559613
0.423688
0.930709
0.418097
0.956628
0.0530316
0.301485
0.0530784
0.0890679
0.963775
0.163851
0.843851
0.596486
0.144689
0.790305
0.658877
0.746217
0.674381
0.327279
0.582735
0.0319893
0.643362
0.983247
0.433218
0.0880655
0.117092
0.971832
0.585138
0.420414
0.896729
0.317938
0.582066
0.784464
0.478812
0.39535
0.651826
0.242629
0.863726
0.648443
0.376856
0.818101
0.825799
0.210311
0.692443
0.894674
0.792466
0.968855
0.553578
0.985991
0.55398
0.747442
0.258366
0.364657
0.784139
0.0296086
0.631902
0.378984
0.584476
0.281471
0.687452
0.998281
0.112605
0.551679
0.0651972
0.768966
0.0126256
0.198651
0.722035
0.248639
0.869979
0.741524
0.792914
0.510541
0.654677
0.164591
0.287355
0.576593
0.804292
0.732956
0.796932
0.0286829
0.0737531
0.568405
0.18601
0.263119
0.237459
0.966351
0.461408
0.87691
0.229885
0.675425
0.863754
0.120788
0.0769838
0.866112
0.737211
0.31139
0.536216
0.178397
0.314723
0.544837
0.0739267
0.486874
0.890284
0.998976
0.788953
0.934716
0.779908
0.908386
0.240535
0.663754
0.714037
0.812488
0.480961
0.505608
0.746371
0.262022
0.797711
0.126018
0.983757
0.00783471
0.677982
0.841721
0.808268
0.567051
0.41871
0.260521
0.574927
0.800079
0.929414
0.655922
0.0890861
0.270819
0.654355
0.751851
0.358462
0.668947
0.997103
0.31326
0.966789
0.830975
0.198973
0.136239
0.775098
0.0758206
0.316287
0.840084
0.28605
0.649729
0.987074
0.747949
0.775076
0.706479
0.784989
0.313719
0.669025
0.298261
0.865153
0.61842
0.791358
0.350494
0.757844
0.0836777
0.371594
0.381647
0.338113
0.656939
0.179834
0.468761
0.46504
0.932287
0.952721
0.38354
0.160271
0.67121
0.0207747
0.160864
0.642168
0.925163
0.209052
0.541892
0.573738
0.810577
0.370886
0.479187
0.696838
0.748865
0.179453
0.0625959
0.0500847
0.774279
0.308337
0.220098
0.183731
0.959232
0.810888
0.598016
0.857897
0.668662
0.209525
0.491346
0.0566751
0.537674
0.693434
0.546942
0.454289
0.235759
0.401723
0.763007
0.8612
0.188942
0.541688
0.158208
0.00984027
0.385411
0.599164
0.148457
0.113482
0.297357
0.674913
0.267724
0.643483
0.0161934
0.162915
0.104138
0.24076
0.458354
0.547542
0.541743
0.0801235
0.635132
0.669944
0.750104
0.997955
0.629795
0.964968
0.223102
0.667146
0.727853
0.0269134
0.333879
0.498048
0.697092
0.0251152
0.111516
0.25459
0.895666
0.465129
0.418155
0.927951
0.0763802
0.722417
0.662301
0.298136
0.769431
0.824125
0.0649964
0.394118
0.945311
0.84964
0.905398
0.024358
0.384447
0.397343
0.14403
0.710898
0.0575544
0.316247
0.156474
0.854869
0.791651
0.274001
0.128063
0.347028
0.500386
0.988565
0.810558
0.048643
0.542298
0.403302
0.288334
0.0212196
0.637058
0.0350567
0.198427
0.958123
0.1748
0.869192
0.509528
0.643727
0.125937
0.628535
0.792902
0.304785
0.526227
0.300671
0.375387
0.125922
0.367283
0.929996
0.443525
0.326173
0.997519
0.298788
0.729588
0.184169
0.336673
0.459966
0.643325
0.359603
0.844569
0.677966
0.58133
0.414519
0.822376
0.670171
0.561765
0.583839
0.578653
0.421419
0.785204
0.921745
0.773199
0.15224
0.70382
0.109773
0.946888
0.341971
0.502103
0.840436
0.208859
0.290888
0.960383
0.160185
0.233936
0.763671
0.0214695
0.838691
0.885848
0.449279
0.033347
0.462808
0.422127
0.694011
0.240166
0.477189
0.117879
0.184215
0.100628
0.25808
0.54564
0.57493
0.852915
0.941021
0.747453
0.436127
0.982439
0.847822
0.350055
0.374165
0.598983
0.108844
0.335785
0.546717
0.678027
0.595291
0.0557376
0.781103
0.00531247
0.286742
0.279142
0.537996
0.0975421
0.389655
0.929265
0.151852
0.179156
0.0811667
0.168696
0.275939
0.709919
0.602856
0.194347
0.390324
0.170655
0.190776
0.372481
0.280855
0.324619
0.865303
0.150329
0.5812
0.228278
0.662023
0.612653
0.857963
0.785438
0.862667
0.837192
0.6786
0.22585
0.855568
0.531408
0.376198
0.757093
0.469817
0.208452
0.460996
0.95804
0.774428
0.81276
0.049228
0.375622
0.0841472
0.261326
0.0997228
0.040996
0.0203309
0.7008
0.348662
0.954468
0.737903
0.942259
0.553167
0.07058
0.238226
0.862329
0.167198
0.10261
0.571263
0.218543
0.0526184
0.357601
0.202851
0.311793
0.303427
0.694595
0.0574545
0.637107
0.855565
0.488598
0.864497
0.595981
0.653595
0.971664
0.754247
0.623989
0.384427
0.0614196
0.279087
0.619258
0.876592
0.880882
0.990278
0.605852
0.560273
0.513669
0.239583
0.670858
0.110864
0.293979
0.90643
0.368344
0.7506
0.329438
0.866785
0.0546579
0.634539
0.702061
0.540067
0.902658
0.979574
0.693918
0.672537
0.326686
0.616238
0.104141
0.290207
0.514099
0.461968
0.293277
0.103529
0.0192716
0.897829
0.817385
0.792647
0.0195116
0.931094
0.89574
0.706203
0.154447
0.797524
0.9797
0.819857
0.334232
0.445197
0.420773
0.930977
0.925663
0.619558
0.915929
0.0103655
0.212397
0.756597
0.122305
0.582072
0.891607
0.231132
0.632211
0.572132
0.826109
0.414987
0.689239
0.0348299
0.385897
0.771545
0.353752
0.502577
0.810263
0.0846587
0.858639
0.149225
0.0210592
0.94215
0.707701
0.328598
0.747647
0.702572
0.119849
0.307515
0.403715
0.239441
0.280826
0.838045
0.0294765
0.411843
0.843848
0.55636
0.750449
0.801818
0.159651
0.248591
0.070633
0.129532
0.0433319
0.279317
0.472884
0.768096
0.385478
0.728736
0.865882
0.874029
0.812247
0.437522
0.428128
0.545896
0.881914
0.333873
0.395116
0.712102
0.303918
0.944981
0.299884
0.144448
0.734336
0.989399
0.821622
0.995413
0.903094
0.298176
0.441904
0.0770332
0.696701
0.448054
0.437419
0.698766
0.167002
0.79629
0.248822
0.949734
0.176536
0.0432513
0.923954
0.890272
0.794003
0.814282
0.631328
0.732953
0.734438
0.699445
0.565255
0.247102
0.0396189
0.874016
0.586198
0.231587
0.279607
0.354136
0.965796
0.135694
0.605466
0.062485
0.185828
0.210068
0.60938
0.841373
0.962244
0.44313
0.689217
0.664729
0.0954335
0.951464
0.247663
0.472687
0.4493
0.391803
0.0250432
0.901489
0.328703
0.512407
0.0268822
0.808346
0.867112
0.555312
0.127407
0.324291
0.364187
0.896732
0.378256
0.343799
0.234682
0.295379
0.432449
0.170275
0.815486
0.874099
0.985843
0.055005
0.468612
0.967779
0.460233
0.139699
0.923496
0.191856
0.517159
0.883499
0.970412
0.707105
0.311847
0.215661
0.607643
0.658204
0.437834
0.671991
0.152397
0.337918
0.388515
0.763363
0.840922
0.372897
0.276901
0.874204
0.752051
0.713806
0.944093
0.377651
0.173769
0.535115
0.670215
0.30797
0.0542493
0.768098
0.418247
0.477455
0.585366
0.242132
0.50867
0.219635
0.403936
0.952466
0.0959656
0.893028
0.118314
0.508452
0.555822
0.698408
0.14375
0.999157
0.836807
0.221704
0.182951
0.863861
0.916869
0.815523
0.487107
0.814637
0.597471
0.698845
0.494416
0.657462
0.956309
0.681309
0.762139
0.272926
0.0672206
0.77717
0.898804
0.206976
0.651687
0.904986
0.104861
0.405967
0.086252
0.637493
0.344353
0.547983
0.947891
0.209808
0.240763
0.500334
0.116238
0.608692
0.279431
0.398594
0.16702
0.0974254
0.428296
0.375716
0.657662
0.328245
0.816566
0.0259696
0.471714
0.102089
0.809885
0.742388
0.318186
0.753067
0.796352
0.290433
0.313958
0.688867
0.789309
0.915581
0.16838
0.961975
0.91945
0.189981
0.0104734
0.0259311
0.824403
0.743169
0.449292
0.248627
0.672747
0.857725
0.78319
0.0685659
0.387527
0.174137
0.715982
0.506864
0.855568
0.537286
0.161077
0.21669
0.916066
0.316648
0.899345
0.288547
0.60183
0.96436
0.00359289
0.385683
0.165843
0.316301
0.0633778
0.190684
0.825176
0.733988
0.129999
0.899621
0.936424
0.474226
0.319474
0.392039
0.996033
0.333664
0.89071
0.168243
0.664404
0.63406
0.646755
0.00854487
0.613579
0.413991
0.949277
0.49209
0.561358
0.748671
0.91984
0.757674
0.233838
0.122184
0.54886
0.689625
0.524479
0.914439
0.971525
0.419093
0.694141
0.424443
0.621558
0.518461
0.766834
0.174452
0.0153104
0.321669
0.28649
0.0454127
0.250735
0.109263
0.39024
0.762816
0.647294
0.0647028
0.460524
0.022884
0.61103
0.576586
0.680471
0.67361
0.365129
0.724946
0.16329
0.415118
0.893136
0.944433
0.0890218
0.190044
0.0750396
0.190488
0.527144
0.710064
0.0472264
0.734029
0.822578
0.0731075
0.718201
0.80035
0.490614
0.747315
0.115256
0.109054
0.867552
0.946684
0.913747
0.347073
0.263128
0.398322
0.594049
0.1732
0.971722
0.727683
0.162541
0.818796
0.506178
0.335309
0.543895
0.238912
0.395502
0.19794
0.773557
0.165169
0.00261072
0.878367
0.715393
0.615569
0.874326
0.795672
0.861046
0.605825
0.100098
0.354802
0.157849
0.960401
0.462839
0.931741
0.777086
0.480721
0.480529
0.256543
0.711633
0.410813
0.534119
0.931106
0.102849
0.590691
0.738089
0.0559647
0.599104
0.136805
0.275911
0.242199
0.641561
0.709082
0.54114
0.935012
0.751883
0.892126
0.967645
0.212813
0.748456
0.299174
0.219972
0.0772633
0.563553
0.638419
0.915009
0.555947
0.803662
0.151071
0.0528012
0.429044
0.944732
0.109278
0.6304
0.131383
0.152211
0.202651
0.955971
0.00447564
0.222123
0.219288
0.56998
0.659815
0.509879
0.535739
0.165901
0.294902
0.416869
0.324566
0.979022
0.416586
0.567699
0.311388
0.501756
0.0175156
0.384489
0.108306
0.29978
0.409577
0.752839
0.957628
0.846878
0.481896
0.22026
0.9181
0.500116
0.442751
0.322457
0.542536
0.410223
0.610494
0.567261
0.95565
0.606965
0.265765
0.719599
0.295948
0.00516299
0.774313
0.886854
0.36186
0.773542
0.918334
0.43231
0.84211
0.348883
0.669669
0.120548
0.0555213
0.146741
0.276481
0.820853
0.0827801
0.28489
0.14435
0.0930449
0.805234
0.562688
0.100297
0.687434
0.710333
0.574304
0.320665
0.409543
0.196767
0.0662422
0.333131
0.931372
0.575275
0.648952
0.933089
0.425753
0.633526
0.677587
0.204115
0.557842
0.648454
0.572625
0.104334
0.537329
0.884711
0.33212
0.939761
0.566496
0.0908832
0.473874
0.39409
0.474947
0.428573
0.0255341
0.151429
0.0734783
0.950245
0.762595
0.941414
0.343564
0.273201
0.681617
0.930908
0.774349
0.490158
0.0837964
0.365409
0.422403
0.327574
0.529948
0.830168
0.635233
0.363289
0.792098
0.787886
0.00693851
0.615524
0.108492
0.428489
0.613454
0.314466
0.227616
0.541542
0.701018
0.0112615
0.271638
0.427795
0.948297
0.0304652
0.0285162
0.271811
0.330259
0.657795
0.553438
0.640491
0.731176
0.877223
0.48303
0.285742
0.46767
0.134486
0.307174
0.680526
0.601105
0.776864
0.756074
0.331774
0.127657
0.527349
0.154856
0.667753
0.927804
0.595445
0.638189
0.0419815
0.582267
0.153473
0.418936
0.0627902
0.315465
0.0225505
0.0057058
0.89734
0.592662
0.862625
0.142022
0.966106
0.338711
0.71625
0.0143122
0.545431
0.0661028
0.990206
0.3845
0.299207
0.769509
0.134596
0.146856
0.216083
0.699351
0.994174
0.0884343
0.316031
0.529233
0.825426
0.926605
0.449259
0.693143
0.646696
0.0143768
0.631426
0.381123
0.540319
0.135456
0.613837
0.765163
0.0925861
0.0938338
0.0646528
0.620285
0.125949
0.823639
0.898423
0.789862
0.215366
0.655132
0.808943
0.901159
0.78581
0.110097
0.402728
0.649463
0.528258
0.433901
0.577731
0.92927
0.232792
0.542961
0.551409
0.52836
0.154709
0.185824
0.138277
0.0132489
0.673753
0.764584
0.369261
0.1766
0.124464
0.869386
0.765533
0.309729
0.60813
0.842919
0.946683
0.895073
0.497911
0.38883
0.059107
0.41142
0.736581
0.723267
0.956468
0.361316
0.641546
0.470221
0.00784557
0.860579
0.749856
0.836041
0.333278
0.411126
0.797297
0.172868
0.392788
0.593858
0.975878
0.576056
0.774196
0.906846
0.353762
0.671869
0.104158
0.583383
0.919643
0.437337
0.327219
0.564243
0.230391
0.189153
0.0896791
0.23601
0.615394
0.918917
0.233038
0.668068
0.225708
0.470372
0.548942
0.0757844
0.708288
0.195474
0.33099
0.95558
0.431468
0.6846
0.067021
0.422084
0.964405
0.761405
0.926633
0.91798
0.491274
0.849442
0.570778
0.0612749
0.846793
0.0423837
0.34335
0.675583
0.522701
0.0320069
0.940357
0.579232
0.143984
0.943272
0.568218
0.0350351
0.834234
0.97869
0.836737
0.043953
0.718903
0.596951
0.951766
0.337801
0.413953
0.305566
0.640553
0.779213
0.233971
0.34733
0.583558
0.861199
0.178086
0.0987763
0.133627
0.862107
0.437253
0.902773
0.897574
0.52812
0.113242
0.255867
0.350343
0.212975
0.467258
0.211397
0.95285
0.546592
0.574158
0.870158
0.744236
0.36994
0.582086
0.116192
0.8395
0.482537
0.996318
0.114754
0.667798
0.681546
0.736745
0.475559
0.718887
0.329367
0.67479
0.191835
0.165942
0.993718
0.425973
0.323785
0.849301
0.203215
0.433446
0.92517
0.332325
0.393593
0.113168
0.00880512
0.987642
0.305331
0.696588
0.547021
0.777141
0.4104
0.591307
0.101556
0.843504
0.765411
0.257944
0.266977
0.0848368
0.852147
0.0378117
0.500746
0.031109
0.848339
0.0277767
0.842903
0.668127
0.202118
0.993283
0.113334
0.807593
0.21606
0.324601
0.570265
0.438792
0.771764
0.0356044
0.402707
0.289247
0.370021
0.943342
0.746759
0.7844
0.417283
0.267455
0.12395
0.231985
0.97948
0.119205
0.480336
0.0022287
0.457794
0.13937
0.388163
0.855049
0.807746
0.780644
0.284709
0.100268
0.207271
0.603955
0.676576
0.217771
0.0739937
0.612768
0.784948
0.625022
0.738281
0.296723
0.0294937
0.69983
0.0398385
0.565401
0.699354
0.0378533
0.20083
0.349334
0.25562
0.199378
0.937824
0.00526192
0.437127
0.799937
0.535429
0.956521
0.243896
0.157915
0.0824051
0.983223
0.0219419
0.777299
0.057411
0.9074
0.666812
0.115172
0.702147
0.977066
0.555939
0.672782
0.44464
0.0649981
0.422888
0.478221
0.454805
0.903283
0.476723
0.278416
0.333352
0.650729
0.804486
0.98864
0.0698834
0.531058
0.483482
0.878729
0.798971
0.305973
0.492164
0.798919
0.424497
0.522623
0.727085
0.118789
0.481441
0.572888
0.530709
0.627244
0.0979952
0.00453214
0.171759
0.751426
0.208565
0.349522
0.420932
0.60549
0.465543
0.381917
0.884161
0.0911736
0.3541
0.36034
0.240865
0.222135
0.429629
0.779574
0.308454
0.190825
0.188012
0.912993
0.666007
0.585
0.0947692
0.785293
0.418421
0.402114
0.33603
0.661799
0.852419
0.606885
0.919153
0.196233
0.0886062
0.204814
0.310677
0.550296
0.818149
0.631493
0.499449
0.237942
0.0911554
0.0484882
0.941251
0.608639
0.393134
0.401776
0.642308
0.263236
0.202496
0.34266
0.090099
0.293383
0.895087
0.728969
0.778949
0.795034
0.139265
0.623732
0.0553254
0.854673
0.484352
0.509336
0.408588
0.139679
0.590131
0.33977
0.50846
0.68113
0.749934
0.140563
0.44642
0.973046
0.977237
0.414302
0.166843
0.131623
0.183479
0.73887
0.19017
0.183628
0.232907
0.468655
0.687257
0.729097
0.936969
0.630123
0.483991
0.435158
0.695068
0.00383327
0.425693
0.629771
0.561644
0.554727
0.302472
0.651955
0.400101
0.49117
0.100796
0.0827729
0.164137
0.647817
0.858529
0.292348
0.496982
0.779011
0.836051
0.506617
0.710058
0.943973
0.35599
0.121563
0.101917
0.920038
0.0718053
0.830992
0.485105
0.157774
0.705678
0.324644
0.286487
0.987936
0.237219
0.943777
0.0636711
0.120224
0.611029
0.569041
0.878043
0.27008
0.226402
0.137329
0.0866344
0.0641083
0.467549
0.102698
0.0450702
0.494042
0.357657
0.139894
0.19963
0.173048
0.41624
0.746023
0.401527
0.46042
0.282284
0.343871
0.441719
0.973831
0.174475
0.404171
0.90821
0.292529
0.535867
0.323693
0.315395
0.849041
0.835138
0.168514
0.215931
0.144746
0.744747
0.955217
0.32647
0.97527
0.357416
0.0934264
0.217026
0.553313
0.538532
0.101263
0.93342
0.982499
0.857721
0.723161
0.173731
0.894706
0.327625
0.391271
0.0899044
0.023362
0.644907
0.957644
0.122179
0.455131
0.393074
0.39514
0.120459
0.55109
0.163877
0.287817
0.340594
0.367801
0.636339
0.945954
0.64398
0.374325
0.286073
0.0299492
0.355897
0.565712
0.915785
0.604407
0.260179
0.835264
0.2747
0.876249
0.115423
0.916349
0.0775456
0.308939
0.340118
0.356831
0.266387
0.161024
0.331395
0.756084
0.509417
0.772372
0.256952
0.595551
0.418508
0.863415
0.414143
0.509532
0.711801
0.241619
0.883628
0.13175
0.314216
0.0332299
0.494743
0.140694
0.64606
0.326092
0.631066
0.327129
0.062754
0.705736
0.30809
0.0618695
0.841512
0.295496
0.409296
0.0371067
0.652609
0.393622
0.596806
0.517961
0.374133
0.0488833
0.580791
0.348899
0.946245
0.534444
0.392002
0.383753
0.737884
0.619539
0.592472
0.685119
0.800036
0.205295
0.38515
0.217861
0.584663
0.431248
0.991054
0.649436
0.0687485
0.455746
0.722449
0.204074
0.869982
0.792254
0.420857
0.344239
0.624833
0.561824
0.580801
0.519796
0.205387
0.932259
0.476283
0.889149
0.930677
0.885779
0.28243
0.801437
0.754112
0.356659
0.361051
0.177158
0.501268
0.819511
0.524476
0.867387
0.166343
0.719896
0.289548
0.427812
0.238929
0.686228
0.432156
0.24446
0.64162
0.707179
0.555262
0.281752
0.403207
0.697914
0.832678
0.812719
0.365798
0.96981
0.604992
0.0972055
0.733483
0.649009
0.896265
0.518264
0.469318
0.832023
0.802489
0.426985
0.335283
0.0956003
0.754407
0.322646
0.718383
0.866198
0.182977
0.286994
0.507385
0.617267
0.40649
0.875327
0.62588
0.166021
0.315334
0.817643
0.127728
0.721129
0.00829502
0.414364
0.208376
0.180469
0.139757
0.898426
0.854125
0.272144
0.930433
0.785176
0.452946
0.659689
0.393441
0.560918
0.352252
0.291627
0.369459
0.505562
0.985726
0.104392
0.516447
0.919696
0.335953
0.364515
0.411732
0.979889
0.990585
0.764494
0.851799
0.18332
0.0529385
0.736657
0.993104
0.0941322
0.0804477
0.0841011
0.487259
0.354786
0.896604
0.229033
0.357184
0.190338
0.00670096
0.623082
0.13124
0.752294
0.797606
0.361946
0.234772
0.812607
0.479596
0.573641
0.188711
0.663511
0.632663
0.171349
0.861489
0.0483108
0.959733
0.235943
0.500801
0.964818
0.701077
0.00953053
0.179592
0.397851
0.689924
0.557132
0.710651
0.906699
0.882625
0.272952
0.501702
0.0974789
0.328266
0.16905
0.224872
0.424215
0.786731
0.580724
0.226222
0.113611
0.462185
0.947878
0.989081
0.480524
0.163432
0.806567
0.974295
0.973499
0.599283
0.14541
0.900892
0.284552
0.466624
0.557721
0.612589
0.779333
0.247476
0.337162
0.67601
0.69794
0.27079
0.166561
0.396129
0.745545
0.382175
0.213497
0.244054
0.816995
0.229767
0.691886
0.532114
0.241115
0.411599
0.73916
0.0641508
0.182723
0.0257785
0.259412
0.943097
0.627812
0.630341
0.136659
0.830875
0.521805
0.982854
0.821368
0.7285
0.895612
0.543331
0.76593
0.977498
0.805192
0.864427
0.430376
0.336194
0.404213
0.614149
0.00101957
0.135929
0.565593
0.92021
0.967648
0.259521
0.765976
0.751737
0.44396
0.632136
0.311977
0.400689
0.379639
0.596897
0.0508652
0.89147
0.92971
0.63023
0.271088
0.168316
0.881154
0.550907
0.0949859
0.427255
0.870445
0.560771
0.88167
0.231892
0.414981
0.583818
0.220824
0.382207
0.754268
0.979064
0.122337
0.119282
0.776922
0.736053
0.835916
0.248075
0.403618
0.604489
0.642269
0.619423
0.640967
0.737646
0.612947
0.794899
0.874501
0.74475
0.00960993
0.514097
0.432259
0.975833
0.825726
0.983371
0.513396
0.648314
0.211284
0.0490463
0.321937
0.801507
0.932317
0.449899
0.45307
0.743969
0.87949
0.592299
0.762135
0.198458
0.485166
0.192529
0.842799
0.926712
0.255029
0.275463
0.70708
0.900665
0.483347
0.615226
0.0975732
0.912715
0.99426
0.52235
0.143423
0.513945
0.867996
0.408775
0.275541
0.0195469
0.524661
0.984669
0.325049
0.0977527
0.930343
0.28231
0.77764
0.792089
0.643208
0.399387
0.495538
0.502153
0.693338
0.933935
0.647691
0.73446
0.068184
0.968144
0.591857
0.340584
0.202407
0.848262
0.73868
0.990742
0.404297
0.0215884
0.836075
0.907836
0.994767
0.0508154
0.0550029
0.433988
0.0446042
0.662288
0.0715155
0.961237
0.516415
0.391776
0.585992
0.763112
0.625733
0.698656
0.317631
0.416952
0.711187
0.92356
0.278336
0.987522
0.281142
0.157676
0.0533042
0.882971
0.0904173
0.644233
0.623152
0.309727
0.580894
0.0914167
0.440161
0.792614
0.467925
0.410861
0.343843
0.962205
0.785089
0.99199
0.369239
0.792341
0.882142
0.159277
0.961356
0.503906
0.15
0.0463525
0.0468138
0.80014
0.946106
0.203829
0.754071
0.674857
0.315099
0.86391
0.736376
0.268857
0.676
0.5286
0.187668
0.134205
0.583225
0.26083
0.76226
0.309136
0.648175
0.880662
0.279577
0.857436
0.920072
0.643921
0.374843
0.989763
0.941068
0.5235
0.460123
0.294977
0.677604
0.483782
0.929163
0.449038
0.976439
0.00879544
0.824893
0.977026
0.883913
0.917527
0.882439
0.15412
0.298513
0.109768
0.874744
0.82664
0.332243
0.00351999
0.160464
0.925109
0.303111
0.385225
0.479667
0.764556
0.899319
0.858574
0.0472877
0.763564
0.223995
0.686426
0.767105
0.73213
0.914698
0.325444
0.732166
0.513352
0.913934
0.494471
0.579243
0.345458
0.120552
0.116027
0.0653812
0.861227
0.645023
0.906293
0.0583594
0.846278
0.396171
0.445747
0.673467
0.954858
0.295407
0.903424
0.85129
0.632565
0.521738
0.852655
0.58092
0.519527
0.688711
0.159344
0.0887911
0.311515
0.630294
0.349757
0.363966
0.184685
0.00533941
0.739482
0.47711
0.794674
0.0903736
0.908805
0.280275
0.588811
0.145298
0.0196515
0.283341
0.104118
0.90821
0.286198
0.121797
0.0389878
0.267439
0.840346
0.697157
0.10942
0.0143746
0.593954
0.578194
0.702036
0.118625
0.724305
0.388579
0.842964
0.689569
0.593462
0.310699
0.918002
0.858049
0.236345
0.258597
0.241057
0.450607
0.345692
0.0422438
0.991674
0.0694639
0.479882
0.381716
0.508092
0.503964
0.13066
0.994282
0.904896
0.57897
0.746488
0.227794
0.538572
0.78161
0.513343
0.753157
0.313689
0.17911
0.295798
0.483194
0.0374622
0.62783
0.943349
0.858958
0.510131
0.775182
0.475747
0.875066
0.230881
0.411098
0.323786
0.87361
0.759585
0.343577
0.49248
0.107365
0.480825
0.233746
0.562616
0.882279
0.461466
0.85404
0.854272
0.755506
0.791375
0.643146
0.350356
0.433491
0.675977
0.146955
0.878967
0.796273
0.968192
0.399264
0.436498
0.225471
0.489122
0.670727
0.9152
0.762129
0.100104
0.449783
0.500445
0.986591
0.64084
0.594935
0.0657711
0.414184
0.182733
0.197724
0.144618
0.592025
0.17121
0.526547
0.669983
0.401094
0.179635
0.12489
0.0242916
0.269142
0.473306
0.851985
0.315198
0.52962
0.31844
0.0163955
0.559527
0.978041
0.928172
0.781008
0.39751
0.952773
0.255382
0.206794
0.592892
0.728171
0.365577
0.257607
0.60132
0.380782
0.802909
0.49296
0.175005
0.315902
0.356813
0.960806
0.268086
0.72159
0.761683
0.612632
0.510942
0.399912
0.32268
0.290342
0.779293
0.575528
0.897285
0.669862
0.373563
0.474087
0.987701
0.286515
0.457549
0.030659
0.28553
0.906187
0.285538
0.0380457
0.434193
0.476514
0.771615
0.53893
0.795987
0.146624
0.308736
0.932469
0.0146472
0.175471
0.141684
0.279622
0.612602
0.00124957
0.00145928
0.526072
0.700501
0.312956
0.858518
0.116654
0.605176
0.195133
0.599239
0.414904
0.295284
0.839384
0.521961
0.596548
0.181096
0.6819
0.693669
0.489937
0.375796
0.997529
0.466037
0.692121
0.469905
0.689992
0.695829
0.801137
0.703051
0.183569
0.242159
0.968516
0.853915
0.750247
0.399617
0.367767
0.0589797
0.271785
0.883756
0.295443
0.514202
0.191815
0.827515
0.0366836
0.54063
0.37478
0.928421
0.97008
0.130152
0.457083
0.197144
0.403386
0.716333
0.406044
0.384146
0.338127
0.908565
0.251261
0.935475
0.525432
0.931737
0.709521
0.914996
0.339783
0.729954
0.332072
0.136157
0.397947
0.292006
0.736978
0.38692
0.964654
0.934425
0.875271
0.675774
0.741616
0.34043
0.608928
0.25064
0.513827
0.885976
0.595465
0.983301
0.332287
0.754554
0.78969
0.323037
0.287071
0.794862
0.241105
0.260018
0.115279
0.500271
0.0469679
0.389924
0.457892
0.78297
0.375975
0.0175525
0.0046506
0.162639
0.465511
0.84603
0.228731
0.283552
0.662267
0.72206
0.667459
0.983174
0.204736
0.996074
0.0164834
0.0365747
0.710183
0.0538136
0.444455
0.959925
0.463131
0.844666
0.308215
0.165676
0.514343
0.562156
0.151258
0.198195
0.0714855
0.456906
0.221347
0.184814
0.171491
0.242333
0.895766
0.143588
0.275276
0.55656
0.100973
0.0496869
0.0873196
0.580618
0.45434
0.0899133
0.172846
0.0166609
0.0192979
0.339698
0.309366
0.513533
0.94731
0.436551
0.112441
0.79819
0.177497
0.193301
0.805912
0.96365
0.0631831
0.917673
0.327561
0.32143
0.268879
0.0426339
0.547824
0.274591
0.0582851
0.597229
0.622872
0.614352
0.405662
0.967603
0.504065
0.817899
0.436801
0.322676
0.20901
0.838599
0.32502
0.605114
0.152731
0.949699
0.586436
0.225563
0.0382655
0.128975
0.67707
0.510592
0.51431
0.0121655
0.464734
0.789784
0.892115
0.772064
0.0834873
0.171454
0.632377
0.36671
0.287197
0.918594
0.809145
0.297827
0.580478
0.0867458
0.935933
0.228802
0.472002
0.938472
0.901446
0.607292
0.753709
0.595098
0.815135
0.981469
0.554394
0.695818
0.611285
0.859387
0.709663
0.307259
0.100871
0.341973
0.541947
0.499315
0.995554
0.27871
0.278389
0.881403
0.738077
0.863945
0.319472
0.360225
0.294925
0.798029
0.477924
0.469423
0.595311
0.397695
0.0616808
0.668655
0.0869565
0.478046
0.521724
0.617958
0.025729
0.427125
0.688554
0.535428
0.940711
0.537564
0.835164
0.609139
0.793403
0.724386
0.747174
0.750683
0.72866
0.587163
0.440976
0.481075
0.427067
0.720276
0.680279
0.450249
0.343242
0.872552
0.978606
0.433485
0.581615
0.195844
0.545597
0.851633
0.39361
0.408355
0.219561
0.15358
0.212357
0.078481
0.0306515
0.158931
0.150926
0.613846
0.913512
0.39136
0.592716
0.777903
0.22327
0.497326
0.554339
0.779131
0.853235
0.319208
0.937011
0.346275
0.849295
0.100165
0.475389
0.869893
0.286038
0.447378
0.0775613
0.572343
0.375915
0.00955526
0.595227
0.975166
0.62177
0.0896876
0.380328
0.172207
0.281058
0.741471
0.895926
0.833104
0.973095
0.814322
0.301508
0.445289
0.973783
0.368891
0.956562
0.941186
0.51715
0.738586
0.416726
0.918959
0.946004
0.497493
0.359349
0.58009
0.578736
0.819741
0.378736
0.413451
0.874969
0.609014
0.703723
0.477262
0.348121
0.872209
0.212435
0.389617
0.293223
0.207348
0.890227
0.0435954
0.708079
0.681825
0.441004
0.94618
0.454741
0.833363
0.340319
0.741634
0.649767
0.640004
0.551
0.660291
0.511035
0.957305
0.421756
0.460222
0.944995
0.526402
0.24265
0.219177
0.700167
0.703774
0.331143
0.515421
0.679676
0.317778
0.89352
0.397329
0.91611
0.0674314
0.319361
0.507105
0.908986
0.325445
0.758337
0.375716
0.658132
0.220512
0.152885
0.544978
0.437749
0.23964
0.632562
0.474271
0.0759704
0.834641
0.806477
0.455416
0.171879
0.763194
0.997007
0.697593
0.437343
0.423867
0.924389
0.200515
0.0596318
0.232294
0.163002
0.569359
0.219305
0.864354
0.19064
0.0928627
0.743151
0.140002
0.0067773
0.906019
0.463161
0.354734
0.0204814
0.231339
0.119391
0.60132
0.378309
0.236968
0.721678
0.241564
0.961454
0.16571
0.0947074
0.746835
0.0639257
0.398728
0.425976
0.375368
0.814863
0.397894
0.396465
0.394032
0.492323
0.464658
0.510517
0.251416
0.54852
0.967524
0.169896
0.439617
0.641922
0.776036
0.845282
0.647146
0.582249
0.857965
0.815132
0.917035
0.603784
0.7972
0.544748
0.586721
0.018682
0.988934
0.00765721
0.694664
0.215334
0.126712
0.640563
0.941015
0.646203
0.731762
0.716385
0.291066
0.940305
0.699172
0.982783
0.636002
0.278183
0.424723
0.31165
0.905686
0.857055
0.52171
0.37214
0.555341
0.61956
0.946561
0.849268
0.651628
0.913213
0.373272
0.588328
0.0242344
0.307634
0.398344
0.960127
0.85324
0.410667
0.0876034
0.35007
0.634737
0.0181015
0.232441
0.633278
0.49912
0.705176
0.898743
0.177621
0.275639
0.67059
0.60491
0.727834
0.698229
0.14139
0.341332
0.767502
0.399446
0.482568
0.521843
0.614152
0.0539728
0.120604
0.991203
0.147002
0.670776
0.737375
0.0698489
0.950411
0.563442
0.76427
0.0870335
0.771862
0.691171
0.511797
0.772288
0.842978
0.926442
0.716158
0.461381
0.422895
0.591257
0.255079
0.110951
0.760578
0.0356257
0.76088
0.116121
0.647591
0.0666293
0.83938
0.451563
0.414144
0.511223
0.123963
0.452368
0.952056
0.209473
0.609401
0.194867
0.129522
0.868718
0.539725
0.162541
0.825002
0.815644
0.53033
0.253449
0.723331
0.0301365
0.50432
0.113277
0.847219
0.214077
0.995515
0.612576
0.571089
0.29001
0.190749
0.9133
0.827287
0.20476
0.403413
0.163743
0.0267789
0.0735997
0.990219
0.613226
0.491065
0.33505
0.184701
0.26937
0.298303
0.57826
0.815525
0.525895
0.715915
0.377448
0.768899
0.888845
0.819189
0.109427
0.134846
0.355126
0.610918
0.703517
0.00471012
0.16306
0.546356
0.60755
0.0991445
0.321209
0.558178
0.294217
0.907622
0.404843
0.193545
0.916133
0.453076
0.843872
0.959356
0.894236
0.431069
0.972244
0.49918
0.717055
0.55091
0.145333
0.609846
0.679482
0.0570699
0.173309
0.796338
0.052997
0.720541
0.134602
0.261607
0.823132
0.384585
0.722409
0.521669
0.695621
0.297396
0.339904
0.770507
0.916499
0.600603
0.329543
0.628282
0.527711
0.235616
0.00455332
0.527726
0.484644
0.405434
0.133473
0.273191
0.526161
0.195822
0.185835
0.322588
0.72816
0.179091
0.975191
0.0377025
0.665439
0.025176
0.133468
0.19589
0.327428
0.082055
0.0984816
0.180584
0.0682763
0.519416
0.828383
0.627102
0.703705
0.175157
0.857961
0.751167
0.858692
0.0414857
0.249672
0.238117
0.0332911
0.523034
0.627603
0.118132
0.449625
0.852855
0.936703
0.160789
0.383156
0.70426
0.492081
0.412469
0.37379
0.284191
0.397565
0.869914
0.642623
0.572081
0.967251
0.589654
0.316786
0.228003
0.0420307
0.409396
0.724613
0.567413
0.501983
0.820951
0.724158
0.91597
0.714942
0.0333124
0.881333
0.559082
0.485388
0.911315
0.469751
0.107212
0.910364
0.488759
0.573015
0.66755
0.521079
0.774719
0.708701
0.143357
0.397028
0.847175
0.462034
0.397914
0.741561
0.421262
0.153399
0.183575
0.349083
0.0377779
0.933827
0.828349
0.0656148
0.788171
0.782526
0.921546
0.431253
0.0697876
0.919585
0.45829
0.476073
0.360858
0.933488
0.138821
0.171306
0.1427
0.354772
0.655732
0.890527
0.0921827
0.315228
0.0294351
0.716204
0.239087
0.332902
0.0921234
0.318688
0.191333
0.734923
0.859139
0.547796
0.799969
0.0806609
0.66807
0.244272
0.478006
0.844767
0.993897
0.432175
0.566664
0.92082
0.222688
0.722543
0.776149
0.733949
0.477718
0.0142064
0.766451
0.737631
0.366839
0.457613
0.10954
0.0327013
0.611062
0.123524
0.0672574
0.395946
0.670948
0.630565
0.907067
0.0810778
0.67501
0.894459
0.167362
0.849228
0.968785
0.372735
0.564516
0.822968
0.615537
0.337586
0.802623
0.692445
0.921128
0.390189
0.914844
0.791024
0.739254
0.63603
0.758245
0.821109
0.386508
0.0461276
0.266631
0.25924
0.0418539
0.438209
0.981798
0.074105
0.483199
0.132474
0.496578
0.99196
0.87156
0.304393
0.939704
0.597388
0.292729
0.889248
0.582855
0.0390069
0.588367
0.678887
0.0489984
0.516729
0.667712
0.234348
0.689726
0.228616
0.347042
0.741196
0.274768
0.0307166
0.254552
0.257426
0.558506
0.80413
0.00969288
0.908169
0.600772
0.173849
0.880475
0.147535
0.618461
0.470577
0.988976
0.721336
0.494027
0.10906
0.973591
0.152175
0.610257
0.597711
0.726428
0.0763373
0.00155359
0.111249
0.758724
0.88173
0.232188
0.391221
0.255653
0.752835
0.895588
0.146832
0.798507
0.500665
0.672209
0.810646
0.520079
0.961847
0.759927
0.0996364
0.589525
0.15368
0.893351
0.553845
0.475384
0.786166
0.0947808
0.981641
0.43845
0.0284376
0.95054
0.726251
0.100486
0.862217
0.277169
0.384463
0.66398
0.504934
0.42862
0.808899
0.163258
0.876993
0.617899
0.0336897
0.223251
0.180334
0.879306
0.496766
0.146942
0.647792
0.433087
0.898185
0.791668
0.55784
0.609025
0.885248
0.364721
0.857964
0.803369
0.215739
0.928985
0.446052
0.795591
0.491064
0.310624
0.655264
0.0251592
0.851241
0.811712
0.443904
0.699648
0.979133
0.293365
0.592371
0.978861
0.720692
0.666582
0.235289
0.501364
0.416615
0.046289
0.978671
0.522814
0.931733
0.633824
0.681509
0.125107
0.665878
0.407352
0.362907
0.382419
0.312464
0.582141
0.0372305
0.73256
0.139274
0.778443
0.294321
0.660682
0.0801602
0.252085
0.793783
0.117653
0.387855
0.67112
0.517627
0.750198
0.572777
0.663525
0.8679
0.802647
0.0906584
0.695326
0.344588
0.492207
0.520831
0.601613
0.313148
0.0739038
0.101535
0.495747
0.0153324
0.691058
0.607015
0.10541
0.619662
0.657335
0.825916
0.174612
0.7042
0.496466
0.0958264
0.553937
0.0249586
0.478992
0.414944
0.955861
0.154854
0.633575
0.502283
0.867003
0.713063
0.447456
0.3875
0.709634
0.816718
0.575386
0.511589
0.268978
0.714409
0.0716735
0.616255
0.395665
0.941278
0.0567454
0.720732
0.340103
0.114261
0.384181
0.929668
0.929206
0.168328
0.088396
0.671537
0.523918
0.482748
0.546891
0.600025
0.623108
0.569595
0.183807
0.251702
0.355836
0.527739
0.716633
0.44855
0.786433
0.580402
0.812613
0.584023
0.682348
0.230525
0.432221
0.345912
0.743772
0.577803
0.140228
0.811676
0.843254
0.569021
0.537471
0.271691
0.305201
0.518188
0.187531
0.836156
0.27403
0.625679
0.782674
0.397982
0.881253
0.217047
0.911628
0.733086
0.979729
0.312409
0.664929
0.466149
0.566826
0.637063
0.122055
0.37248
0.266885
0.529667
0.109803
0.459844
0.591681
0.38613
0.687383
0.839133
0.313879
0.358619
0.311458
0.678967
0.405457
0.514632
0.426549
0.016563
0.374547
0.0158311
0.0728801
0.895059
0.248531
0.0687482
0.451121
0.983616
0.641328
0.807754
0.926817
0.0159779
0.540871
0.415785
0.0976484
0.177299
0.870068
0.230311
0.831739
0.0441657
0.293323
0.877863
0.236493
0.732802
0.202788
0.250349
0.622448
0.478378
0.0919625
0.6133
0.734879
0.109568
0.516136
0.700236
0.864276
0.885906
0.428201
0.779888
0.576509
0.380628
0.220066
0.655192
0.817785
0.516664
0.578657
0.488052
0.697932
0.145458
0.720422
0.1325
0.922333
0.647635
0.801087
0.87157
0.477419
0.977124
0.519851
0.129845
0.307332
0.332546
0.101382
0.929527
0.563827
0.239542
0.980658
0.924866
0.21622
0.00994576
0.158443
0.958917
0.511779
0.466269
0.583924
0.00273918
0.0373493
0.72963
0.89975
0.0997183
0.965785
0.942187
0.333654
0.720894
0.0613161
0.540123
0.843498
0.663237
0.0321199
0.839496
0.407365
0.575863
0.525634
0.333281
0.45223
0.63376
0.61202
0.223281
0.687389
0.949524
0.65438
0.171689
0.571569
0.360851
0.82478
0.0789441
0.813381
0.492367
0.217845
0.312634
0.440808
0.661265
0.88815
0.145111
0.872348
0.545679
0.224245
0.885508
0.736577
0.655648
0.469979
0.931332
0.904407
0.36129
0.200476
0.395095
0.358703
0.715094
0.586658
0.953177
0.0398425
0.632278
0.689753
0.685331
0.366207
0.845378
0.261867
0.195623
0.836829
0.59305
0.387923
0.825189
0.948328
0.555403
0.66258
0.987587
0.370557
0.95471
0.802943
0.0640343
0.224331
0.325051
0.139639
0.920586
0.281994
0.473146
0.162344
0.512773
0.182173
0.779502
0.0965175
0.169717
0.437054
0.564114
0.0609923
0.0981195
0.0948145
0.547292
0.332088
0.403099
0.888825
0.478335
0.375678
0.0118537
0.224581
0.532195
0.593034
0.117585
0.246911
0.829289
0.862546
0.816666
0.699373
0.355424
0.609659
0.546493
0.902023
0.29557
0.644727
0.934654
0.730744
0.610196
0.569068
0.320319
0.602025
0.238764
0.914934
0.295988
0.666687
0.00585629
0.426713
0.76426
0.924284
0.443558
0.878496
0.882304
0.877586
0.586698
0.633648
0.72437
0.492621
0.484124
0.665556
0.991622
0.186579
0.83354
0.300925
0.64536
0.564679
0.563809
0.938172
0.85505
0.830724
0.97559
0.741935
0.697056
0.41188
0.468126
0.799569
0.36458
0.488241
0.87111
0.747048
0.63149
0.452538
0.80044
0.992854
0.899597
0.53443
0.167276
0.407704
0.286663
0.939651
0.714017
0.491043
0.960926
0.283814
0.0681529
0.446047
0.70601
0.909541
0.652106
0.945854
0.97136
0.644395
0.339035
0.158355
0.472987
0.484246
0.728586
0.352576
0.74951
0.00831467
0.744707
0.286876
0.525513
0.303176
0.47075
0.90242
0.97835
0.131267
0.20717
0.905391
0.898878
0.439089
0.777212
0.606465
0.85378
0.48492
0.0499148
0.918468
0.695595
0.86045
0.585192
0.325369
0.479634
0.205738
0.83817
0.127358
0.510568
0.117279
0.100173
0.606739
0.468591
0.610161
0.972542
0.510107
0.364368
0.925709
0.396098
0.226806
0.926039
0.937137
0.45466
0.471732
0.395938
0.527679
0.699815
0.796039
0.0317628
0.837962
0.627594
0.968617
0.551721
0.76878
0.884582
0.175486
0.38686
0.963911
0.46053
0.133932
0.000705688
0.860503
0.467193
0.107942
0.177024
0.241005
0.574758
0.951821
0.250637
0.455411
0.0879251
0.75734
0.618716
0.757627
0.443187
0.648675
0.276791
0.0186974
0.247086
0.781599
0.336216
0.789936
0.454038
0.00932395
0.707681
0.998889
0.323708
0.561558
0.107092
0.889337
0.0911135
0.343849
0.0680335
0.43906
0.287156
0.236322
0.870926
0.648259
0.296577
0.570057
0.949906
0.0673387
0.761444
0.594997
0.11355
0.430185
0.112058
0.360085
0.956828
0.409973
0.41034
0.577112
0.514203
0.216616
0.670765
0.54995
0.00289844
0.714155
0.810082
0.0544685
0.452439
0.147393
0.238931
0.72147
0.746816
0.735226
0.943164
0.758049
0.528478
0.123659
0.331027
0.569629
0.754788
0.722574
0.297722
0.806764
0.283206
0.834948
0.973454
0.834686
0.561197
0.0389397
0.459914
0.771366
0.340012
0.588808
0.0908184
0.385108
0.514693
0.44055
0.31547
0.111301
0.644223
0.461694
0.685158
0.443097
0.139195
0.452054
0.6646
0.937492
0.431752
0.45899
0.247762
0.13723
0.432234
0.554148
0.569701
0.968611
0.444288
0.149562
0.690325
0.285125
0.0909925
0.311161
0.679084
0.357964
0.298943
0.33112
0.134175
0.0794024
0.515718
0.669644
0.706893
0.757267
0.383042
0.782409
0.941287
0.213946
0.788744
0.428605
0.560811
0.546912
0.943885
0.867367
0.845031
0.436004
0.913045
0.546646
0.479997
0.316833
0.0154372
0.453509
0.127678
0.890336
0.87747
0.642597
0.120922
0.339916
0.965251
0.971281
0.327835
0.920776
0.47545
0.889144
0.846802
0.195303
0.460192
0.447973
0.0876284
0.771059
0.183899
0.783988
0.481687
0.715745
0.532711
0.282127
0.710728
0.210587
0.341205
0.63084
0.53098
0.184766
0.366627
0.896201
0.444432
0.564021
0.49258
0.793838
0.0326413
0.602204
0.244943
0.7632
0.100691
0.31021
0.696651
0.620814
0.0247499
0.971816
0.306707
0.832063
0.481786
0.380845
0.854828
0.0924507
0.819546
0.104183
0.00289214
0.608163
0.393818
0.89159
0.953703
0.880697
0.874671
0.596233
0.881955
0.0240017
0.397274
0.989413
0.0725507
0.359976
0.120934
0.538706
0.0250697
0.346465
0.0411857
0.208606
0.0387828
0.822396
0.0106101
0.324011
0.659749
0.400742
0.263479
0.29085
0.315506
0.709518
0.866598
0.910101
0.0666413
0.0396563
0.503561
0.354339
0.368099
0.637569
0.617946
0.823785
0.357577
0.804426
0.986074
0.947685
0.733679
0.942932
0.862849
0.908243
0.843592
0.243068
0.250034
0.329834
0.522995
0.970407
0.626986
0.75951
0.0839773
0.406243
0.719995
0.952643
0.0762548
0.614291
0.380611
0.937339
0.852596
0.575521
0.780649
0.362205
0.587446
0.211171
0.157562
0.137761
0.351634
0.909783
0.731194
0.177959
0.954077
0.175853
0.55764
0.248351
0.0328683
0.416949
0.656716
0.420555
0.265293
0.782604
0.22117
0.201739
0.622775
0.984541
0.187433
0.181677
0.448692
0.171777
0.0620854
0.469527
0.347181
0.0792687
0.268212
0.831485
0.770913
0.740232
0.0827068
0.0539116
0.0918043
0.954338
0.560584
0.734985
0.885716
0.227929
0.794476
0.759815
0.213834
0.901783
0.27327
0.850814
0.624154
0.164643
0.150666
0.246928
0.116173
0.511709
0.285356
0.978608
0.471278
0.777593
0.0139446
0.367084
0.584622
0.747521
0.586807
0.457278
0.475923
0.844351
0.0100132
0.292312
0.890587
0.0996478
0.780082
0.835745
0.371736
0.767257
0.292081
0.00443488
0.537096
0.979767
0.947339
0.931068
0.459123
0.476078
0.444733
0.623964
0.961059
0.52477
0.809183
0.940372
0.832884
0.283698
0.111764
0.418993
0.0211996
0.301463
0.694701
0.842211
0.0404662
0.11566
0.899282
0.236385
0.924668
0.896055
0.997157
0.223819
0.730751
0.732186
0.848571
0.940476
0.581632
0.481694
0.831771
0.580421
0.131029
0.198934
0.484882
0.411142
0.0672756
0.700408
0.753983
0.188809
0.314499
0.792148
0.625277
0.0241187
0.362577
0.838007
0.391823
0.370554
0.900222
0.036862
0.539781
0.102112
0.199545
0.745784
0.395968
0.0258352
0.211568
0.830402
0.57131
0.00539054
0.598763
0.405484
0.969814
0.664308
0.0221019
0.46622
0.758359
0.739157
0.00993755
0.0204646
0.947712
0.189949
0.464443
0.897528
0.752284
0.640765
0.344672
0.904115
0.463963
0.824158
0.631547
0.414602
0.214585
0.53269
0.925714
0.479856
0.944215
0.414197
0.410848
0.129635
0.772944
0.867421
0.737879
0.529951
0.879412
0.270996
0.631976
0.618728
0.959344
0.698139
0.620249
0.525291
0.561474
0.701155
0.309537
0.395429
0.9755
0.228738
0.391869
0.145255
0.299719
0.385285
0.48174
0.599875
0.0935625
0.504165
0.498831
0.859863
0.722566
0.167045
0.520315
0.941141
0.753695
0.358891
0.873151
0.0572401
0.0347622
0.247826
0.204082
0.00582458
0.893643
0.462434
0.134579
0.865772
0.0364214
0.134204
0.574686
0.753103
0.396854
0.921842
0.399119
0.996189
0.953901
0.216029
0.807693
0.893971
0.974077
0.306501
0.357875
0.805327
0.13348
0.392066
0.453626
0.0850611
0.622688
0.524157
0.499241
0.739766
0.251376
0.870811
0.715835
0.038231
0.548743
0.728532
0.443215
0.11083
0.714718
0.268578
0.996027
0.219736
0.0951283
0.821568
0.0944334
0.141385
0.257879
0.180067
0.379895
0.896211
0.62479
0.852348
0.41723
0.386128
0.653627
0.516653
0.388124
0.2006
0.486363
0.307997
0.502027
0.571109
0.621151
0.686103
0.330087
0.773018
0.119342
0.785546
0.6685
0.471814
0.783827
0.781339
0.969627
0.517184
0.309809
0.96527
0.28461
0.443183
0.57985
0.533482
0.225494
0.877826
0.626513
0.809132
0.079581
0.517717
0.276731
0.0183544
0.481619
0.576132
0.0523044
0.0799517
0.747719
0.907613
0.256165
0.370184
0.681828
0.47652
0.864663
0.391693
0.187662
0.0380424
0.378422
0.138236
0.328089
0.19809
0.296653
0.843462
0.0688012
0.342497
0.348459
0.553895
0.30588
0.918555
0.153546
0.64039
0.0338479
0.882495
0.0899896
0.455681
0.638591
0.79887
0.600122
0.252785
0.551682
0.124443
0.510022
0.944915
0.180149
0.770023
0.769679
0.997724
0.747431
0.0667065
0.135763
0.765404
0.146528
0.695025
0.28747
0.508869
0.56342
0.397769
0.303953
0.530229
0.564143
0.554836
0.132551
0.790645
0.370616
0.944769
0.727757
0.404108
0.841969
0.978886
0.133588
0.205671
0.705272
0.506373
0.617759
0.676082
0.911489
0.388682
0.572216
0.226935
0.100611
0.974648
0.904643
0.328187
0.838387
0.775519
0.14052
0.715351
0.896717
0.128485
0.446828
0.846429
0.935069
0.698834
0.306803
0.433604
0.585525
0.920347
0.265924
0.383311
0.313681
0.0321774
0.805364
0.748875
0.339886
0.455715
0.203584
0.643333
0.503937
0.664458
0.551318
0.007063
0.707911
0.86769
0.266983
0.184873
0.168155
0.18504
0.966732
0.861938
0.584658
0.352061
0.0917139
0.434786
0.446714
0.916838
0.293402
0.206647
0.116777
0.67122
0.198136
0.070219
0.16998
0.854452
0.780187
0.594972
0.69883
0.242791
0.586035
0.489595
0.620918
0.762689
0.516126
0.535765
0.597658
0.84006
0.895679
0.676394
0.149208
0.738019
0.878041
0.241224
0.246577
0.220506
0.043598
0.751304
0.165029
0.649198
0.0708591
0.928193
0.14495
0.167734
0.111466
0.403817
0.948869
0.632974
0.396914
0.932641
0.899071
0.690367
0.994389
0.703043
0.0434847
0.847289
0.388854
0.475204
0.749464
0.249141
0.316181
0.0594125
0.545417
0.815612
0.991758
0.480558
0.743085
0.0213082
0.126878
0.43687
0.471954
0.138586
0.213347
0.720942
0.875626
0.652366
0.310456
0.833514
0.864871
0.885956
0.258548
0.413059
0.278772
0.325025
0.692887
0.349025
0.0633871
0.347665
0.210131
0.66554
0.734346
0.144869
0.819783
0.0951382
0.987964
0.719347
0.0661402
0.618334
0.344301
0.671156
0.111797
0.967536
0.373233
0.922891
0.0237975
0.965114
0.670877
0.425766
0.848423
0.442174
0.615052
0.173164
0.371259
0.753963
0.855406
0.804725
0.00542213
0.129657
0.139805
0.70124
0.737357
0.754884
0.343665
0.982855
0.848361
0.402331
0.978368
0.427636
0.280131
0.167731
0.0620735
0.268836
0.32368
0.0919916
0.102879
0.0812162
0.000498313
0.375139
0.954772
0.856177
0.761874
0.810565
0.166555
0.290614
0.353086
0.311221
0.692418
0.476159
0.809245
0.974251
0.237773
0.257971
0.711491
0.03659
0.967632
0.989355
0.0815289
0.256015
0.841406
0.507101
0.840865
0.420537
0.969613
0.284968
0.452097
0.399755
0.676546
0.706482
0.841832
0.672674
0.63048
0.474169
0.353598
0.918991
0.476405
0.944933
0.48764
0.758181
0.747183
0.902757
0.639421
0.754178
0.471689
0.681265
0.0230169
0.844214
0.700593
0.858711
0.360903
0.70142
0.758132
0.921125
0.352294
0.00887428
0.150054
0.955315
0.977067
0.557865
0.0310777
0.323549
0.892931
0.483628
0.342181
0.0277803
0.904003
0.583639
0.212868
0.674863
0.427157
0.221961
0.493379
0.221446
0.837305
0.58623
0.772483
0.119221
0.749164
0.193714
0.745006
0.312751
0.410001
0.88414
0.743268
0.104804
0.436953
0.866551
0.120131
0.0369195
0.50525
0.735195
0.427696
0.284708
0.0951419
0.0500198
0.682469
0.26074
0.25523
0.655727
0.798544
0.128559
0.685876
0.514435
0.102863
0.81177
0.417528
0.395106
0.54803
0.745727
0.435007
0.158518
0.212083
0.473954
0.746064
0.101697
0.225561
0.00122334
0.560623
0.39708
0.719517
0.926976
0.678337
0.802566
0.723079
0.782226
0.870588
0.968155
0.773765
0.673394
0.73691
0.253278
0.847579
0.25911
0.862312
0.874203
0.722436
0.974816
0.733554
0.845551
0.182543
0.993553
0.653388
0.483882
0.59665
0.890179
0.246386
0.00590305
0.212496
0.421266
0.209843
0.834103
0.774667
0.822529
0.251143
0.962001
0.351387
0.760509
0.868205
0.926712
0.248236
0.100663
0.841661
0.792351
0.0413851
0.558652
0.262846
0.65814
0.364979
0.208917
0.26362
0.660534
0.590076
0.400183
0.870842
0.239779
0.966996
0.302643
0.520264
0.0786906
0.552518
0.163595
0.545914
0.173212
0.170347
0.0252079
0.670013
0.900494
0.605896
0.300499
0.48921
0.146561
0.258985
0.768946
0.672781
0.433276
0.0721297
0.28396
0.518229
0.876776
0.974544
0.16794
0.566847
0.994971
0.476644
0.959469
0.796068
0.508201
0.332353
0.857188
0.754048
0.290065
0.128207
0.772639
0.74399
0.234862
0.328645
0.533
0.124998
0.847116
0.472303
0.997688
0.136911
0.066929
0.875789
0.385913
0.0398719
0.126818
0.431048
0.630036
0.00939337
0.874342
0.0738917
0.897877
0.619424
0.653638
0.697325
0.937963
0.349463
0.424659
0.239672
0.174844
0.596074
0.21314
0.243632
0.71559
0.918477
0.846291
0.620561
0.765671
0.633659
0.91279
0.264871
0.682255
0.667482
0.362862
0.62899
0.432675
0.968984
0.70633
0.296149
0.376325
0.887329
0.345758
0.154285
0.0644537
0.274089
0.618477
0.745713
0.199918
0.0264378
0.339415
0.541291
0.483787
0.00565832
0.099379
0.262858
0.855185
0.0918715
0.0841136
0.697991
0.14127
0.32551
0.842485
0.647818
0.885389
0.730037
0.734448
0.866264
0.29321
0.974544
0.167181
0.807681
0.701255
0.987581
0.281047
0.557027
0.944873
0.482475
0.965436
0.0888374
0.0903638
0.744819
0.169
0.390495
0.0490836
0.947726
0.431509
0.378274
0.655798
0.988606
0.501548
0.519958
0.936195
0.623449
0.307725
0.92778
0.206224
0.000909032
0.278098
0.993906
0.573222
0.140682
0.439937
0.0153658
0.253695
0.858605
0.572022
0.977646
0.294032
0.801821
0.212072
0.288696
0.115081
0.168116
0.518288
0.867947
0.577724
0.803969
0.312804
0.301753
0.562797
0.92489
0.618135
0.00151807
0.514159
0.477791
0.240489
0.896324
0.513145
0.421409
0.624975
0.948609
0.265438
0.208089
0.360169
0.358351
0.80246
0.944622
0.266786
0.872777
0.770826
0.279503
0.606852
0.365366
0.713882
0.211613
0.580129
0.233725
0.21723
0.98815
0.842992
0.165068
0.303318
0.867654
0.665417
0.664326
0.32067
0.5013
0.345795
0.78304
0.547278
0.0944638
0.652776
0.200032
0.94303
0.496815
0.973038
0.855943
0.841661
0.79556
0.971878
0.356834
0.3094
0.0927077
0.138246
0.497209
0.598154
0.17206
0.814163
0.636034
0.831554
0.935571
0.141561
0.221913
0.697343
0.249938
0.708774
0.364012
0.951231
0.342461
0.747159
0.505632
0.148975
0.828919
0.646695
0.00610436
0.595984
0.706298
0.747129
0.000486344
0.173977
0.0390035
0.53258
0.0775328
0.0942618
0.258589
0.102844
0.493268
0.355702
0.280914
0.322262
0.250233
0.67196
0.630817
0.133565
0.827422
0.483971
0.101152
0.0568832
0.0354979
0.614013
0.72238
0.0404493
0.831641
0.392951
